0 1099.4
0.0001 1099.4
0.0002 1099.5
0.0003 1099.5
0.0004 1099.5
0.0005 1099.6
0.0006 1099.6
0.0007 1099.6
0.0008 1099.7
0.0009 1099.7
0.001 1099.8
0.0011 1099.8
0.0012 1099.9
0.0013 1099.9
0.0014 1100
0.0015 1100
0.0016 1100
0.0017 1100.1
0.0018 1100.1
0.0019 1100.2
0.002 1100.3
0.0021 1100.3
0.0022 1100.4
0.0023 1100.4
0.0024 1100.5
0.0025 1100.5
0.0026 1100.6
0.0027 1100.7
0.0028 1100.7
0.0029 1100.8
0.003 1100.8
0.0031 1100.9
0.0032 1101
0.0033 1101
0.0034 1101.1
0.0035 1101.2
0.0036 1101.3
0.0037 1101.3
0.0038 1101.4
0.0039 1101.5
0.004 1101.5
0.0041 1101.6
0.0042 1101.7
0.0043 1101.8
0.0044 1101.9
0.0045 1101.9
0.0046 1102
0.0047 1102.1
0.0048 1102.2
0.0049 1102.3
0.005 1102.3
0.0051 1102.4
0.0052 1102.5
0.0053 1102.6
0.0054 1102.7
0.0055 1102.8
0.0056 1102.9
0.0057 1102.9
0.0058 1103
0.0059 1103.1
0.006 1103.2
0.0061 1103.3
0.0062 1103.4
0.0063 1103.5
0.0064 1103.6
0.0065 1103.7
0.0066 1103.8
0.0067 1103.9
0.0068 1104
0.0069 1104.1
0.007 1104.2
0.0071 1104.3
0.0072 1104.4
0.0073 1104.5
0.0074 1104.6
0.0075 1104.7
0.0076 1104.8
0.0077 1104.9
0.0078 1105
0.0079 1105.1
0.008 1105.2
0.0081 1105.3
0.0082 1105.5
0.0083 1105.6
0.0084 1105.7
0.0085 1105.8
0.0086 1105.9
0.0087 1106
0.0088 1106.2
0.0089 1106.3
0.009 1106.4
0.0091 1106.5
0.0092 1106.7
0.0093 1106.8
0.0094 1106.9
0.0095 1107.1
0.0096 1107.2
0.0097 1107.3
0.0098 1107.4
0.0099 1107.6
0.01 1107.7
0.0101 1107.8
0.0102 1108
0.0103 1108.1
0.0104 1108.2
0.0105 1108.3
0.0106 1108.5
0.0107 1108.6
0.0108 1108.7
0.0109 1108.8
0.011 1109
0.0111 1109.1
0.0112 1109.2
0.0113 1109.3
0.0114 1109.5
0.0115 1109.6
0.0116 1109.7
0.0117 1109.8
0.0118 1109.9
0.0119 1110.1
0.012 1110.2
0.0121 1110.3
0.0122 1110.4
0.0123 1110.5
0.0124 1110.7
0.0125 1110.8
0.0126 1110.9
0.0127 1111
0.0128 1111.1
0.0129 1111.3
0.013 1111.4
0.0131 1111.5
0.0132 1111.6
0.0133 1111.7
0.0134 1111.9
0.0135 1112
0.0136 1112.1
0.0137 1112.2
0.0138 1112.3
0.0139 1112.5
0.014 1112.6
0.0141 1112.7
0.0142 1112.8
0.0143 1112.9
0.0144 1113.1
0.0145 1113.2
0.0146 1113.3
0.0147 1113.4
0.0148 1113.5
0.0149 1113.6
0.015 1113.7
0.0151 1113.9
0.0152 1114
0.0153 1114.1
0.0154 1114.2
0.0155 1114.3
0.0156 1114.4
0.0157 1114.5
0.0158 1114.6
0.0159 1114.7
0.016 1114.9
0.0161 1115
0.0162 1115.1
0.0163 1115.2
0.0164 1115.3
0.0165 1115.4
0.0166 1115.5
0.0167 1115.6
0.0168 1115.7
0.0169 1115.8
0.017 1115.9
0.0171 1116
0.0172 1116.1
0.0173 1116.2
0.0174 1116.4
0.0175 1116.5
0.0176 1116.6
0.0177 1116.7
0.0178 1116.8
0.0179 1116.9
0.018 1117
0.0181 1117.1
0.0182 1117.2
0.0183 1117.3
0.0184 1117.4
0.0185 1117.5
0.0186 1117.6
0.0187 1117.7
0.0188 1117.8
0.0189 1117.9
0.019 1118
0.0191 1118.1
0.0192 1118.2
0.0193 1118.3
0.0194 1118.4
0.0195 1118.5
0.0196 1118.5
0.0197 1118.6
0.0198 1118.7
0.0199 1118.8
0.02 1118.9
0.0201 1119
0.0202 1119
0.0203 1119.1
0.0204 1119.2
0.0205 1119.3
0.0206 1119.3
0.0207 1119.4
0.0208 1119.5
0.0209 1119.5
0.021 1119.6
0.0211 1119.7
0.0212 1119.8
0.0213 1119.8
0.0214 1119.9
0.0215 1120
0.0216 1120
0.0217 1120.1
0.0218 1120.2
0.0219 1120.2
0.022 1120.3
0.0221 1120.4
0.0222 1120.5
0.0223 1120.5
0.0224 1120.6
0.0225 1120.7
0.0226 1120.7
0.0227 1120.8
0.0228 1120.9
0.0229 1120.9
0.023 1121
0.0231 1121
0.0232 1121.1
0.0233 1121.2
0.0234 1121.2
0.0235 1121.3
0.0236 1121.3
0.0237 1121.4
0.0238 1121.4
0.0239 1121.5
0.024 1121.5
0.0241 1121.5
0.0242 1121.6
0.0243 1121.6
0.0244 1121.6
0.0245 1121.7
0.0246 1121.7
0.0247 1121.7
0.0248 1121.7
0.0249 1121.8
0.025 1121.8
0.0251 1121.8
0.0252 1121.8
0.0253 1121.8
0.0254 1121.8
0.0255 1121.8
0.0256 1121.8
0.0257 1121.8
0.0258 1121.8
0.0259 1121.8
0.026 1121.8
0.0261 1121.8
0.0262 1121.8
0.0263 1121.8
0.0264 1121.8
0.0265 1121.8
0.0266 1121.8
0.0267 1121.8
0.0268 1121.8
0.0269 1121.8
0.027 1121.8
0.0271 1121.8
0.0272 1121.8
0.0273 1121.8
0.0274 1121.8
0.0275 1121.7
0.0276 1121.7
0.0277 1121.7
0.0278 1121.7
0.0279 1121.7
0.028 1121.7
0.0281 1121.7
0.0282 1121.7
0.0283 1121.7
0.0284 1121.7
0.0285 1121.7
0.0286 1121.7
0.0287 1121.7
0.0288 1121.7
0.0289 1121.7
0.029 1121.7
0.0291 1121.7
0.0292 1121.7
0.0293 1121.7
0.0294 1121.7
0.0295 1121.7
0.0296 1121.7
0.0297 1121.6
0.0298 1121.6
0.0299 1121.6
0.03 1121.6
0.0301 1121.6
0.0302 1121.6
0.0303 1121.6
0.0304 1121.5
0.0305 1121.5
0.0306 1121.5
0.0307 1121.5
0.0308 1121.4
0.0309 1121.4
0.031 1121.3
0.0311 1121.3
0.0312 1121.2
0.0313 1121.2
0.0314 1121.1
0.0315 1121.1
0.0316 1121
0.0317 1121
0.0318 1120.9
0.0319 1120.8
0.032 1120.8
0.0321 1120.7
0.0322 1120.6
0.0323 1120.5
0.0324 1120.5
0.0325 1120.4
0.0326 1120.3
0.0327 1120.2
0.0328 1120.2
0.0329 1120.1
0.033 1120
0.0331 1119.9
0.0332 1119.9
0.0333 1119.8
0.0334 1119.7
0.0335 1119.6
0.0336 1119.5
0.0337 1119.4
0.0338 1119.4
0.0339 1119.3
0.034 1119.2
0.0341 1119.1
0.0342 1119
0.0343 1119
0.0344 1118.9
0.0345 1118.8
0.0346 1118.7
0.0347 1118.6
0.0348 1118.5
0.0349 1118.5
0.035 1118.4
0.0351 1118.3
0.0352 1118.2
0.0353 1118.1
0.0354 1118
0.0355 1117.9
0.0356 1117.8
0.0357 1117.7
0.0358 1117.6
0.0359 1117.5
0.036 1117.4
0.0361 1117.3
0.0362 1117.1
0.0363 1117
0.0364 1116.9
0.0365 1116.8
0.0366 1116.7
0.0367 1116.6
0.0368 1116.5
0.0369 1116.3
0.037 1116.2
0.0371 1116.1
0.0372 1116
0.0373 1115.9
0.0374 1115.8
0.0375 1115.6
0.0376 1115.5
0.0377 1115.4
0.0378 1115.3
0.0379 1115.2
0.038 1115
0.0381 1114.9
0.0382 1114.8
0.0383 1114.7
0.0384 1114.6
0.0385 1114.4
0.0386 1114.3
0.0387 1114.2
0.0388 1114.1
0.0389 1114
0.039 1113.9
0.0391 1113.8
0.0392 1113.6
0.0393 1113.5
0.0394 1113.4
0.0395 1113.3
0.0396 1113.2
0.0397 1113.1
0.0398 1113
0.0399 1112.8
0.04 1112.7
0.0401 1112.6
0.0402 1112.5
0.0403 1112.4
0.0404 1112.3
0.0405 1112.2
0.0406 1112
0.0407 1111.9
0.0408 1111.8
0.0409 1111.7
0.041 1111.6
0.0411 1111.4
0.0412 1111.3
0.0413 1111.2
0.0414 1111.1
0.0415 1111
0.0416 1110.9
0.0417 1110.7
0.0418 1110.6
0.0419 1110.5
0.042 1110.4
0.0421 1110.3
0.0422 1110.1
0.0423 1110
0.0424 1109.9
0.0425 1109.8
0.0426 1109.7
0.0427 1109.5
0.0428 1109.4
0.0429 1109.3
0.043 1109.2
0.0431 1109
0.0432 1108.9
0.0433 1108.8
0.0434 1108.7
0.0435 1108.6
0.0436 1108.4
0.0437 1108.3
0.0438 1108.2
0.0439 1108
0.044 1107.9
0.0441 1107.8
0.0442 1107.6
0.0443 1107.5
0.0444 1107.4
0.0445 1107.3
0.0446 1107.1
0.0447 1107
0.0448 1106.9
0.0449 1106.7
0.045 1106.6
0.0451 1106.4
0.0452 1106.3
0.0453 1106.2
0.0454 1106
0.0455 1105.9
0.0456 1105.8
0.0457 1105.6
0.0458 1105.5
0.0459 1105.4
0.046 1105.2
0.0461 1105.1
0.0462 1105
0.0463 1104.8
0.0464 1104.7
0.0465 1104.6
0.0466 1104.5
0.0467 1104.3
0.0468 1104.2
0.0469 1104.1
0.047 1104
0.0471 1103.8
0.0472 1103.7
0.0473 1103.6
0.0474 1103.5
0.0475 1103.3
0.0476 1103.2
0.0477 1103.1
0.0478 1103
0.0479 1102.9
0.048 1102.7
0.0481 1102.6
0.0482 1102.5
0.0483 1102.4
0.0484 1102.3
0.0485 1102.2
0.0486 1102
0.0487 1101.9
0.0488 1101.8
0.0489 1101.7
0.049 1101.6
0.0491 1101.5
0.0492 1101.3
0.0493 1101.2
0.0494 1101.1
0.0495 1101
0.0496 1100.9
0.0497 1100.8
0.0498 1100.7
0.0499 1100.6
0.05 1100.4
0.0501 1100.3
0.0502 1100.2
0.0503 1100.1
0.0504 1100
0.0505 1099.9
0.0506 1099.8
0.0507 1099.7
0.0508 1099.6
0.0509 1099.5
0.051 1099.4
0.0511 1099.3
0.0512 1099.2
0.0513 1099.1
0.0514 1099
0.0515 1098.9
0.0516 1098.8
0.0517 1098.7
0.0518 1098.6
0.0519 1098.5
0.052 1098.4
0.0521 1098.4
0.0522 1098.3
0.0523 1098.2
0.0524 1098.1
0.0525 1098
0.0526 1097.9
0.0527 1097.8
0.0528 1097.8
0.0529 1097.7
0.053 1097.6
0.0531 1097.5
0.0532 1097.4
0.0533 1097.4
0.0534 1097.3
0.0535 1097.2
0.0536 1097.1
0.0537 1097
0.0538 1097
0.0539 1096.9
0.054 1096.8
0.0541 1096.7
0.0542 1096.6
0.0543 1096.6
0.0544 1096.5
0.0545 1096.4
0.0546 1096.3
0.0547 1096.2
0.0548 1096.2
0.0549 1096.1
0.055 1096
0.0551 1095.9
0.0552 1095.8
0.0553 1095.8
0.0554 1095.7
0.0555 1095.6
0.0556 1095.5
0.0557 1095.4
0.0558 1095.3
0.0559 1095.2
0.056 1095.2
0.0561 1095.1
0.0562 1095
0.0563 1094.9
0.0564 1094.8
0.0565 1094.7
0.0566 1094.6
0.0567 1094.5
0.0568 1094.4
0.0569 1094.3
0.057 1094.2
0.0571 1094.1
0.0572 1094
0.0573 1094
0.0574 1093.9
0.0575 1093.8
0.0576 1093.7
0.0577 1093.6
0.0578 1093.5
0.0579 1093.4
0.058 1093.3
0.0581 1093.2
0.0582 1093.1
0.0583 1093
0.0584 1092.9
0.0585 1092.8
0.0586 1092.7
0.0587 1092.6
0.0588 1092.5
0.0589 1092.4
0.059 1092.3
0.0591 1092.2
0.0592 1092.1
0.0593 1092
0.0594 1091.9
0.0595 1091.8
0.0596 1091.7
0.0597 1091.6
0.0598 1091.5
0.0599 1091.4
0.06 1091.3
0.0601 1091.2
0.0602 1091.1
0.0603 1091.1
0.0604 1091
0.0605 1090.9
0.0606 1090.8
0.0607 1090.7
0.0608 1090.6
0.0609 1090.5
0.061 1090.4
0.0611 1090.3
0.0612 1090.2
0.0613 1090.1
0.0614 1090
0.0615 1090
0.0616 1089.9
0.0617 1089.8
0.0618 1089.7
0.0619 1089.6
0.062 1089.5
0.0621 1089.4
0.0622 1089.3
0.0623 1089.2
0.0624 1089.1
0.0625 1089.1
0.0626 1089
0.0627 1088.9
0.0628 1088.8
0.0629 1088.7
0.063 1088.6
0.0631 1088.5
0.0632 1088.4
0.0633 1088.3
0.0634 1088.3
0.0635 1088.2
0.0636 1088.1
0.0637 1088
0.0638 1087.9
0.0639 1087.8
0.064 1087.7
0.0641 1087.6
0.0642 1087.6
0.0643 1087.5
0.0644 1087.4
0.0645 1087.3
0.0646 1087.2
0.0647 1087.1
0.0648 1087
0.0649 1087
0.065 1086.9
0.0651 1086.8
0.0652 1086.7
0.0653 1086.6
0.0654 1086.5
0.0655 1086.4
0.0656 1086.4
0.0657 1086.3
0.0658 1086.2
0.0659 1086.1
0.066 1086
0.0661 1085.9
0.0662 1085.8
0.0663 1085.7
0.0664 1085.7
0.0665 1085.6
0.0666 1085.5
0.0667 1085.4
0.0668 1085.3
0.0669 1085.2
0.067 1085.1
0.0671 1085
0.0672 1085
0.0673 1084.9
0.0674 1084.8
0.0675 1084.7
0.0676 1084.6
0.0677 1084.5
0.0678 1084.4
0.0679 1084.4
0.068 1084.3
0.0681 1084.2
0.0682 1084.1
0.0683 1084
0.0684 1084
0.0685 1083.9
0.0686 1083.8
0.0687 1083.7
0.0688 1083.7
0.0689 1083.6
0.069 1083.5
0.0691 1083.5
0.0692 1083.4
0.0693 1083.3
0.0694 1083.3
0.0695 1083.2
0.0696 1083.2
0.0697 1083.1
0.0698 1083
0.0699 1083
0.07 1082.9
0.0701 1082.9
0.0702 1082.8
0.0703 1082.8
0.0704 1082.7
0.0705 1082.6
0.0706 1082.6
0.0707 1082.5
0.0708 1082.5
0.0709 1082.4
0.071 1082.4
0.0711 1082.3
0.0712 1082.2
0.0713 1082.2
0.0714 1082.1
0.0715 1082.1
0.0716 1082
0.0717 1082
0.0718 1081.9
0.0719 1081.9
0.072 1081.8
0.0721 1081.8
0.0722 1081.7
0.0723 1081.7
0.0724 1081.6
0.0725 1081.6
0.0726 1081.5
0.0727 1081.5
0.0728 1081.5
0.0729 1081.4
0.073 1081.4
0.0731 1081.4
0.0732 1081.3
0.0733 1081.3
0.0734 1081.3
0.0735 1081.2
0.0736 1081.2
0.0737 1081.2
0.0738 1081.2
0.0739 1081.2
0.074 1081.2
0.0741 1081.2
0.0742 1081.2
0.0743 1081.2
0.0744 1081.2
0.0745 1081.2
0.0746 1081.2
0.0747 1081.2
0.0748 1081.2
0.0749 1081.2
0.075 1081.2
0.0751 1081.2
0.0752 1081.2
0.0753 1081.2
0.0754 1081.2
0.0755 1081.2
0.0756 1081.2
0.0757 1081.2
0.0758 1081.2
0.0759 1081.2
0.076 1081.3
0.0761 1081.3
0.0762 1081.3
0.0763 1081.3
0.0764 1081.3
0.0765 1081.3
0.0766 1081.3
0.0767 1081.3
0.0768 1081.3
0.0769 1081.4
0.077 1081.4
0.0771 1081.4
0.0772 1081.4
0.0773 1081.4
0.0774 1081.4
0.0775 1081.5
0.0776 1081.5
0.0777 1081.5
0.0778 1081.5
0.0779 1081.5
0.078 1081.5
0.0781 1081.6
0.0782 1081.6
0.0783 1081.6
0.0784 1081.6
0.0785 1081.6
0.0786 1081.7
0.0787 1081.7
0.0788 1081.7
0.0789 1081.7
0.079 1081.7
0.0791 1081.8
0.0792 1081.8
0.0793 1081.9
0.0794 1081.9
0.0795 1081.9
0.0796 1082
0.0797 1082.1
0.0798 1082.1
0.0799 1082.2
0.08 1082.2
0.0801 1082.3
0.0802 1082.4
0.0803 1082.5
0.0804 1082.6
0.0805 1082.6
0.0806 1082.7
0.0807 1082.8
0.0808 1082.9
0.0809 1083
0.081 1083.1
0.0811 1083.2
0.0812 1083.3
0.0813 1083.4
0.0814 1083.5
0.0815 1083.6
0.0816 1083.7
0.0817 1083.8
0.0818 1083.9
0.0819 1084
0.082 1084.1
0.0821 1084.2
0.0822 1084.3
0.0823 1084.4
0.0824 1084.5
0.0825 1084.6
0.0826 1084.7
0.0827 1084.8
0.0828 1085
0.0829 1085.1
0.083 1085.2
0.0831 1085.3
0.0832 1085.4
0.0833 1085.5
0.0834 1085.6
0.0835 1085.7
0.0836 1085.8
0.0837 1085.9
0.0838 1086
0.0839 1086.1
0.084 1086.2
0.0841 1086.3
0.0842 1086.4
0.0843 1086.5
0.0844 1086.6
0.0845 1086.7
0.0846 1086.9
0.0847 1087
0.0848 1087.1
0.0849 1087.2
0.085 1087.3
0.0851 1087.5
0.0852 1087.6
0.0853 1087.7
0.0854 1087.8
0.0855 1088
0.0856 1088.1
0.0857 1088.2
0.0858 1088.3
0.0859 1088.5
0.086 1088.6
0.0861 1088.8
0.0862 1088.9
0.0863 1089
0.0864 1089.2
0.0865 1089.3
0.0866 1089.5
0.0867 1089.6
0.0868 1089.8
0.0869 1090
0.087 1090.1
0.0871 1090.3
0.0872 1090.4
0.0873 1090.6
0.0874 1090.8
0.0875 1091
0.0876 1091.2
0.0877 1091.4
0.0878 1091.6
0.0879 1091.8
0.088 1092
0.0881 1092.3
0.0882 1092.5
0.0883 1092.7
0.0884 1093
0.0885 1093.2
0.0886 1093.5
0.0887 1093.7
0.0888 1094
0.0889 1094.2
0.089 1094.5
0.0891 1094.7
0.0892 1095
0.0893 1095.2
0.0894 1095.5
0.0895 1095.7
0.0896 1096
0.0897 1096.2
0.0898 1096.5
0.0899 1096.7
0.09 1097
0.0901 1097.2
0.0902 1097.4
0.0903 1097.7
0.0904 1097.9
0.0905 1098.2
0.0906 1098.4
0.0907 1098.7
0.0908 1098.9
0.0909 1099.2
0.091 1099.4
0.0911 1099.7
0.0912 1099.9
0.0913 1100.2
0.0914 1100.4
0.0915 1100.7
0.0916 1100.9
0.0917 1101.2
0.0918 1101.4
0.0919 1101.7
0.092 1101.9
0.0921 1102.2
0.0922 1102.4
0.0923 1102.7
0.0924 1102.9
0.0925 1103.2
0.0926 1103.4
0.0927 1103.7
0.0928 1103.9
0.0929 1104.2
0.093 1104.4
0.0931 1104.7
0.0932 1104.9
0.0933 1105.2
0.0934 1105.4
0.0935 1105.7
0.0936 1105.9
0.0937 1106.1
0.0938 1106.4
0.0939 1106.6
0.094 1106.9
0.0941 1107.1
0.0942 1107.4
0.0943 1107.6
0.0944 1107.9
0.0945 1108.1
0.0946 1108.3
0.0947 1108.6
0.0948 1108.8
0.0949 1109
0.095 1109.3
0.0951 1109.5
0.0952 1109.7
0.0953 1110
0.0954 1110.2
0.0955 1110.4
0.0956 1110.7
0.0957 1110.9
0.0958 1111.2
0.0959 1111.4
0.096 1111.6
0.0961 1111.9
0.0962 1112.1
0.0963 1112.4
0.0964 1112.6
0.0965 1112.9
0.0966 1113.2
0.0967 1113.4
0.0968 1113.7
0.0969 1114
0.097 1114.3
0.0971 1114.6
0.0972 1114.9
0.0973 1115.2
0.0974 1115.5
0.0975 1115.8
0.0976 1116.1
0.0977 1116.4
0.0978 1116.7
0.0979 1117
0.098 1117.3
0.0981 1117.6
0.0982 1117.9
0.0983 1118.2
0.0984 1118.5
0.0985 1118.7
0.0986 1119
0.0987 1119.2
0.0988 1119.5
0.0989 1119.8
0.099 1120
0.0991 1120.3
0.0992 1120.5
0.0993 1120.7
0.0994 1121
0.0995 1121.2
0.0996 1121.5
0.0997 1121.7
0.0998 1121.9
0.0999 1122.2
0.1 1122.4
0.1001 1122.6
0.1002 1122.9
0.1003 1123.1
0.1004 1123.3
0.1005 1123.6
0.1006 1123.8
0.1007 1124.1
0.1008 1124.3
0.1009 1124.5
0.101 1124.8
0.1011 1125
0.1012 1125.3
0.1013 1125.5
0.1014 1125.8
0.1015 1126.1
0.1016 1126.3
0.1017 1126.6
0.1018 1126.8
0.1019 1127.1
0.102 1127.3
0.1021 1127.6
0.1022 1127.8
0.1023 1128.1
0.1024 1128.4
0.1025 1128.6
0.1026 1128.9
0.1027 1129.1
0.1028 1129.3
0.1029 1129.6
0.103 1129.8
0.1031 1130.1
0.1032 1130.3
0.1033 1130.6
0.1034 1130.8
0.1035 1131.1
0.1036 1131.3
0.1037 1131.6
0.1038 1131.8
0.1039 1132
0.104 1132.3
0.1041 1132.5
0.1042 1132.8
0.1043 1133
0.1044 1133.2
0.1045 1133.5
0.1046 1133.7
0.1047 1133.9
0.1048 1134.2
0.1049 1134.4
0.105 1134.6
0.1051 1134.8
0.1052 1135
0.1053 1135.2
0.1054 1135.4
0.1055 1135.6
0.1056 1135.8
0.1057 1136
0.1058 1136.1
0.1059 1136.3
0.106 1136.5
0.1061 1136.7
0.1062 1136.8
0.1063 1137
0.1064 1137.2
0.1065 1137.3
0.1066 1137.5
0.1067 1137.6
0.1068 1137.8
0.1069 1138
0.107 1138.1
0.1071 1138.3
0.1072 1138.4
0.1073 1138.6
0.1074 1138.7
0.1075 1138.9
0.1076 1139
0.1077 1139.2
0.1078 1139.3
0.1079 1139.5
0.108 1139.6
0.1081 1139.7
0.1082 1139.9
0.1083 1140
0.1084 1140.2
0.1085 1140.3
0.1086 1140.5
0.1087 1140.6
0.1088 1140.8
0.1089 1140.9
0.109 1141.1
0.1091 1141.2
0.1092 1141.4
0.1093 1141.5
0.1094 1141.7
0.1095 1141.8
0.1096 1142
0.1097 1142.1
0.1098 1142.3
0.1099 1142.4
0.11 1142.6
0.1101 1142.7
0.1102 1142.9
0.1103 1143
0.1104 1143.1
0.1105 1143.3
0.1106 1143.4
0.1107 1143.6
0.1108 1143.7
0.1109 1143.9
0.111 1144
0.1111 1144.1
0.1112 1144.3
0.1113 1144.4
0.1114 1144.5
0.1115 1144.7
0.1116 1144.8
0.1117 1144.9
0.1118 1145
0.1119 1145.1
0.112 1145.3
0.1121 1145.4
0.1122 1145.5
0.1123 1145.6
0.1124 1145.7
0.1125 1145.8
0.1126 1145.9
0.1127 1146
0.1128 1146.2
0.1129 1146.3
0.113 1146.4
0.1131 1146.5
0.1132 1146.6
0.1133 1146.7
0.1134 1146.8
0.1135 1146.8
0.1136 1146.9
0.1137 1147
0.1138 1147.1
0.1139 1147.2
0.114 1147.3
0.1141 1147.4
0.1142 1147.5
0.1143 1147.6
0.1144 1147.7
0.1145 1147.8
0.1146 1147.8
0.1147 1147.9
0.1148 1148
0.1149 1148.1
0.115 1148.2
0.1151 1148.3
0.1152 1148.3
0.1153 1148.4
0.1154 1148.5
0.1155 1148.6
0.1156 1148.7
0.1157 1148.8
0.1158 1148.8
0.1159 1148.9
0.116 1149
0.1161 1149.1
0.1162 1149.2
0.1163 1149.2
0.1164 1149.3
0.1165 1149.4
0.1166 1149.5
0.1167 1149.6
0.1168 1149.6
0.1169 1149.7
0.117 1149.8
0.1171 1149.9
0.1172 1150
0.1173 1150.1
0.1174 1150.1
0.1175 1150.2
0.1176 1150.3
0.1177 1150.4
0.1178 1150.5
0.1179 1150.5
0.118 1150.6
0.1181 1150.7
0.1182 1150.8
0.1183 1150.9
0.1184 1150.9
0.1185 1151
0.1186 1151.1
0.1187 1151.2
0.1188 1151.2
0.1189 1151.3
0.119 1151.4
0.1191 1151.5
0.1192 1151.5
0.1193 1151.6
0.1194 1151.7
0.1195 1151.8
0.1196 1151.8
0.1197 1151.9
0.1198 1152
0.1199 1152.1
0.12 1152.1
0.1201 1152.2
0.1202 1152.3
0.1203 1152.4
0.1204 1152.4
0.1205 1152.5
0.1206 1152.6
0.1207 1152.7
0.1208 1152.7
0.1209 1152.8
0.121 1152.9
0.1211 1152.9
0.1212 1153
0.1213 1153.1
0.1214 1153.2
0.1215 1153.2
0.1216 1153.3
0.1217 1153.4
0.1218 1153.4
0.1219 1153.5
0.122 1153.6
0.1221 1153.6
0.1222 1153.7
0.1223 1153.8
0.1224 1153.8
0.1225 1153.9
0.1226 1154
0.1227 1154
0.1228 1154.1
0.1229 1154.2
0.123 1154.2
0.1231 1154.3
0.1232 1154.4
0.1233 1154.4
0.1234 1154.5
0.1235 1154.6
0.1236 1154.6
0.1237 1154.7
0.1238 1154.8
0.1239 1154.8
0.124 1154.9
0.1241 1154.9
0.1242 1155
0.1243 1155.1
0.1244 1155.1
0.1245 1155.2
0.1246 1155.3
0.1247 1155.3
0.1248 1155.4
0.1249 1155.5
0.125 1155.5
0.1251 1155.6
0.1252 1155.6
0.1253 1155.7
0.1254 1155.8
0.1255 1155.8
0.1256 1155.9
0.1257 1156
0.1258 1156
0.1259 1156.1
0.126 1156.1
0.1261 1156.2
0.1262 1156.3
0.1263 1156.3
0.1264 1156.4
0.1265 1156.5
0.1266 1156.5
0.1267 1156.6
0.1268 1156.6
0.1269 1156.7
0.127 1156.8
0.1271 1156.8
0.1272 1156.9
0.1273 1157
0.1274 1157
0.1275 1157.1
0.1276 1157.1
0.1277 1157.2
0.1278 1157.3
0.1279 1157.3
0.128 1157.4
0.1281 1157.4
0.1282 1157.5
0.1283 1157.6
0.1284 1157.6
0.1285 1157.7
0.1286 1157.7
0.1287 1157.8
0.1288 1157.9
0.1289 1157.9
0.129 1158
0.1291 1158
0.1292 1158.1
0.1293 1158.2
0.1294 1158.2
0.1295 1158.3
0.1296 1158.4
0.1297 1158.4
0.1298 1158.5
0.1299 1158.6
0.13 1158.6
0.1301 1158.7
0.1302 1158.7
0.1303 1158.8
0.1304 1158.9
0.1305 1158.9
0.1306 1159
0.1307 1159.1
0.1308 1159.2
0.1309 1159.2
0.131 1159.3
0.1311 1159.4
0.1312 1159.4
0.1313 1159.5
0.1314 1159.6
0.1315 1159.6
0.1316 1159.7
0.1317 1159.8
0.1318 1159.8
0.1319 1159.9
0.132 1160
0.1321 1160.1
0.1322 1160.1
0.1323 1160.2
0.1324 1160.3
0.1325 1160.3
0.1326 1160.4
0.1327 1160.5
0.1328 1160.6
0.1329 1160.6
0.133 1160.7
0.1331 1160.8
0.1332 1160.9
0.1333 1160.9
0.1334 1161
0.1335 1161.1
0.1336 1161.2
0.1337 1161.2
0.1338 1161.3
0.1339 1161.4
0.134 1161.5
0.1341 1161.5
0.1342 1161.6
0.1343 1161.7
0.1344 1161.8
0.1345 1161.9
0.1346 1162
0.1347 1162
0.1348 1162.1
0.1349 1162.2
0.135 1162.3
0.1351 1162.4
0.1352 1162.5
0.1353 1162.5
0.1354 1162.6
0.1355 1162.7
0.1356 1162.8
0.1357 1162.9
0.1358 1163
0.1359 1163.1
0.136 1163.2
0.1361 1163.3
0.1362 1163.4
0.1363 1163.5
0.1364 1163.6
0.1365 1163.7
0.1366 1163.8
0.1367 1163.9
0.1368 1164
0.1369 1164.1
0.137 1164.2
0.1371 1164.3
0.1372 1164.4
0.1373 1164.5
0.1374 1164.6
0.1375 1164.7
0.1376 1164.8
0.1377 1164.9
0.1378 1165
0.1379 1165.1
0.138 1165.2
0.1381 1165.3
0.1382 1165.4
0.1383 1165.5
0.1384 1165.7
0.1385 1165.8
0.1386 1165.9
0.1387 1166
0.1388 1166.1
0.1389 1166.2
0.139 1166.3
0.1391 1166.4
0.1392 1166.5
0.1393 1166.7
0.1394 1166.8
0.1395 1166.9
0.1396 1167
0.1397 1167.1
0.1398 1167.2
0.1399 1167.4
0.14 1167.5
0.1401 1167.6
0.1402 1167.7
0.1403 1167.8
0.1404 1168
0.1405 1168.1
0.1406 1168.2
0.1407 1168.3
0.1408 1168.5
0.1409 1168.6
0.141 1168.7
0.1411 1168.9
0.1412 1169
0.1413 1169.1
0.1414 1169.2
0.1415 1169.4
0.1416 1169.5
0.1417 1169.6
0.1418 1169.8
0.1419 1169.9
0.142 1170
0.1421 1170.2
0.1422 1170.3
0.1423 1170.4
0.1424 1170.6
0.1425 1170.7
0.1426 1170.8
0.1427 1171
0.1428 1171.1
0.1429 1171.2
0.143 1171.4
0.1431 1171.5
0.1432 1171.6
0.1433 1171.8
0.1434 1171.9
0.1435 1172
0.1436 1172.1
0.1437 1172.3
0.1438 1172.4
0.1439 1172.5
0.144 1172.6
0.1441 1172.8
0.1442 1172.9
0.1443 1173
0.1444 1173.1
0.1445 1173.2
0.1446 1173.4
0.1447 1173.5
0.1448 1173.6
0.1449 1173.7
0.145 1173.8
0.1451 1174
0.1452 1174.1
0.1453 1174.2
0.1454 1174.3
0.1455 1174.4
0.1456 1174.6
0.1457 1174.7
0.1458 1174.8
0.1459 1174.9
0.146 1175
0.1461 1175.1
0.1462 1175.3
0.1463 1175.4
0.1464 1175.5
0.1465 1175.6
0.1466 1175.7
0.1467 1175.8
0.1468 1176
0.1469 1176.1
0.147 1176.2
0.1471 1176.3
0.1472 1176.4
0.1473 1176.5
0.1474 1176.6
0.1475 1176.7
0.1476 1176.9
0.1477 1177
0.1478 1177.1
0.1479 1177.2
0.148 1177.3
0.1481 1177.4
0.1482 1177.5
0.1483 1177.6
0.1484 1177.7
0.1485 1177.8
0.1486 1178
0.1487 1178.1
0.1488 1178.2
0.1489 1178.3
0.149 1178.4
0.1491 1178.5
0.1492 1178.6
0.1493 1178.7
0.1494 1178.8
0.1495 1179
0.1496 1179.1
0.1497 1179.2
0.1498 1179.3
0.1499 1179.4
0.15 1179.5
0.1501 1179.6
0.1502 1179.7
0.1503 1179.8
0.1504 1180
0.1505 1180.1
0.1506 1180.2
0.1507 1180.3
0.1508 1180.4
0.1509 1180.5
0.151 1180.6
0.1511 1180.7
0.1512 1180.8
0.1513 1180.9
0.1514 1181
0.1515 1181.1
0.1516 1181.2
0.1517 1181.3
0.1518 1181.4
0.1519 1181.5
0.152 1181.6
0.1521 1181.7
0.1522 1181.8
0.1523 1181.9
0.1524 1181.9
0.1525 1182
0.1526 1182.1
0.1527 1182.2
0.1528 1182.2
0.1529 1182.3
0.153 1182.4
0.1531 1182.5
0.1532 1182.5
0.1533 1182.6
0.1534 1182.7
0.1535 1182.7
0.1536 1182.8
0.1537 1182.9
0.1538 1182.9
0.1539 1183
0.154 1183.1
0.1541 1183.1
0.1542 1183.2
0.1543 1183.3
0.1544 1183.3
0.1545 1183.4
0.1546 1183.5
0.1547 1183.5
0.1548 1183.6
0.1549 1183.6
0.155 1183.7
0.1551 1183.8
0.1552 1183.8
0.1553 1183.9
0.1554 1183.9
0.1555 1184
0.1556 1184
0.1557 1184.1
0.1558 1184.1
0.1559 1184.2
0.156 1184.2
0.1561 1184.3
0.1562 1184.3
0.1563 1184.4
0.1564 1184.4
0.1565 1184.4
0.1566 1184.5
0.1567 1184.5
0.1568 1184.5
0.1569 1184.6
0.157 1184.6
0.1571 1184.6
0.1572 1184.6
0.1573 1184.6
0.1574 1184.6
0.1575 1184.7
0.1576 1184.7
0.1577 1184.7
0.1578 1184.7
0.1579 1184.7
0.158 1184.7
0.1581 1184.6
0.1582 1184.6
0.1583 1184.6
0.1584 1184.6
0.1585 1184.6
0.1586 1184.6
0.1587 1184.6
0.1588 1184.6
0.1589 1184.6
0.159 1184.6
0.1591 1184.5
0.1592 1184.5
0.1593 1184.5
0.1594 1184.5
0.1595 1184.5
0.1596 1184.4
0.1597 1184.4
0.1598 1184.4
0.1599 1184.4
0.16 1184.4
0.1601 1184.3
0.1602 1184.3
0.1603 1184.3
0.1604 1184.3
0.1605 1184.2
0.1606 1184.2
0.1607 1184.2
0.1608 1184.1
0.1609 1184.1
0.161 1184.1
0.1611 1184.1
0.1612 1184
0.1613 1184
0.1614 1184
0.1615 1183.9
0.1616 1183.9
0.1617 1183.9
0.1618 1183.8
0.1619 1183.8
0.162 1183.7
0.1621 1183.7
0.1622 1183.7
0.1623 1183.6
0.1624 1183.6
0.1625 1183.5
0.1626 1183.5
0.1627 1183.4
0.1628 1183.4
0.1629 1183.3
0.163 1183.2
0.1631 1183.2
0.1632 1183.1
0.1633 1183
0.1634 1182.9
0.1635 1182.8
0.1636 1182.7
0.1637 1182.6
0.1638 1182.5
0.1639 1182.4
0.164 1182.3
0.1641 1182.2
0.1642 1182.1
0.1643 1182
0.1644 1181.8
0.1645 1181.7
0.1646 1181.6
0.1647 1181.5
0.1648 1181.3
0.1649 1181.2
0.165 1181.1
0.1651 1181
0.1652 1180.8
0.1653 1180.7
0.1654 1180.6
0.1655 1180.4
0.1656 1180.3
0.1657 1180.2
0.1658 1180
0.1659 1179.9
0.166 1179.8
0.1661 1179.6
0.1662 1179.5
0.1663 1179.4
0.1664 1179.2
0.1665 1179.1
0.1666 1179
0.1667 1178.8
0.1668 1178.7
0.1669 1178.6
0.167 1178.4
0.1671 1178.3
0.1672 1178.1
0.1673 1178
0.1674 1177.8
0.1675 1177.7
0.1676 1177.5
0.1677 1177.4
0.1678 1177.2
0.1679 1177
0.168 1176.9
0.1681 1176.7
0.1682 1176.5
0.1683 1176.4
0.1684 1176.2
0.1685 1176
0.1686 1175.9
0.1687 1175.7
0.1688 1175.5
0.1689 1175.3
0.169 1175.2
0.1691 1175
0.1692 1174.8
0.1693 1174.6
0.1694 1174.4
0.1695 1174.3
0.1696 1174.1
0.1697 1173.9
0.1698 1173.7
0.1699 1173.5
0.17 1173.4
0.1701 1173.2
0.1702 1173
0.1703 1172.8
0.1704 1172.6
0.1705 1172.4
0.1706 1172.3
0.1707 1172.1
0.1708 1171.9
0.1709 1171.7
0.171 1171.5
0.1711 1171.3
0.1712 1171.1
0.1713 1170.9
0.1714 1170.7
0.1715 1170.5
0.1716 1170.3
0.1717 1170
0.1718 1169.8
0.1719 1169.6
0.172 1169.4
0.1721 1169.2
0.1722 1168.9
0.1723 1168.7
0.1724 1168.4
0.1725 1168.2
0.1726 1167.9
0.1727 1167.6
0.1728 1167.3
0.1729 1167
0.173 1166.7
0.1731 1166.4
0.1732 1166.1
0.1733 1165.8
0.1734 1165.4
0.1735 1165.1
0.1736 1164.8
0.1737 1164.5
0.1738 1164.2
0.1739 1163.9
0.174 1163.6
0.1741 1163.4
0.1742 1163.1
0.1743 1162.9
0.1744 1162.6
0.1745 1162.4
0.1746 1162.2
0.1747 1161.9
0.1748 1161.7
0.1749 1161.5
0.175 1161.2
0.1751 1161
0.1752 1160.8
0.1753 1160.6
0.1754 1160.4
0.1755 1160.2
0.1756 1159.9
0.1757 1159.7
0.1758 1159.5
0.1759 1159.3
0.176 1159.1
0.1761 1158.9
0.1762 1158.7
0.1763 1158.4
0.1764 1158.2
0.1765 1158
0.1766 1157.8
0.1767 1157.6
0.1768 1157.4
0.1769 1157.2
0.177 1157
0.1771 1156.7
0.1772 1156.5
0.1773 1156.3
0.1774 1156.1
0.1775 1155.9
0.1776 1155.7
0.1777 1155.5
0.1778 1155.3
0.1779 1155.1
0.178 1154.9
0.1781 1154.7
0.1782 1154.5
0.1783 1154.2
0.1784 1154
0.1785 1153.8
0.1786 1153.6
0.1787 1153.4
0.1788 1153.2
0.1789 1153
0.179 1152.8
0.1791 1152.6
0.1792 1152.4
0.1793 1152.2
0.1794 1152
0.1795 1151.8
0.1796 1151.6
0.1797 1151.4
0.1798 1151.2
0.1799 1151
0.18 1150.8
0.1801 1150.6
0.1802 1150.4
0.1803 1150.2
0.1804 1150
0.1805 1149.8
0.1806 1149.6
0.1807 1149.4
0.1808 1149.2
0.1809 1149
0.181 1148.8
0.1811 1148.6
0.1812 1148.4
0.1813 1148.2
0.1814 1148
0.1815 1147.8
0.1816 1147.6
0.1817 1147.5
0.1818 1147.3
0.1819 1147.1
0.182 1146.9
0.1821 1146.7
0.1822 1146.6
0.1823 1146.4
0.1824 1146.2
0.1825 1146
0.1826 1145.8
0.1827 1145.7
0.1828 1145.5
0.1829 1145.3
0.183 1145.1
0.1831 1145
0.1832 1144.8
0.1833 1144.6
0.1834 1144.4
0.1835 1144.3
0.1836 1144.1
0.1837 1143.9
0.1838 1143.8
0.1839 1143.6
0.184 1143.5
0.1841 1143.3
0.1842 1143.1
0.1843 1143
0.1844 1142.8
0.1845 1142.7
0.1846 1142.5
0.1847 1142.4
0.1848 1142.2
0.1849 1142.1
0.185 1141.9
0.1851 1141.8
0.1852 1141.6
0.1853 1141.5
0.1854 1141.3
0.1855 1141.2
0.1856 1141
0.1857 1140.9
0.1858 1140.8
0.1859 1140.6
0.186 1140.5
0.1861 1140.3
0.1862 1140.2
0.1863 1140.1
0.1864 1139.9
0.1865 1139.8
0.1866 1139.6
0.1867 1139.5
0.1868 1139.4
0.1869 1139.2
0.187 1139.1
0.1871 1139
0.1872 1138.9
0.1873 1138.7
0.1874 1138.6
0.1875 1138.5
0.1876 1138.4
0.1877 1138.2
0.1878 1138.1
0.1879 1138
0.188 1137.9
0.1881 1137.8
0.1882 1137.7
0.1883 1137.6
0.1884 1137.5
0.1885 1137.4
0.1886 1137.3
0.1887 1137.2
0.1888 1137.1
0.1889 1137
0.189 1136.9
0.1891 1136.9
0.1892 1136.8
0.1893 1136.7
0.1894 1136.6
0.1895 1136.5
0.1896 1136.4
0.1897 1136.3
0.1898 1136.3
0.1899 1136.2
0.19 1136.1
0.1901 1136
0.1902 1135.9
0.1903 1135.9
0.1904 1135.8
0.1905 1135.7
0.1906 1135.6
0.1907 1135.6
0.1908 1135.5
0.1909 1135.4
0.191 1135.3
0.1911 1135.3
0.1912 1135.2
0.1913 1135.1
0.1914 1135.1
0.1915 1135
0.1916 1134.9
0.1917 1134.9
0.1918 1134.8
0.1919 1134.8
0.192 1134.7
0.1921 1134.7
0.1922 1134.6
0.1923 1134.6
0.1924 1134.5
0.1925 1134.5
0.1926 1134.4
0.1927 1134.4
0.1928 1134.3
0.1929 1134.3
0.193 1134.2
0.1931 1134.2
0.1932 1134.2
0.1933 1134.1
0.1934 1134.1
0.1935 1134.1
0.1936 1134
0.1937 1134
0.1938 1134
0.1939 1134
0.194 1133.9
0.1941 1133.9
0.1942 1133.9
0.1943 1133.9
0.1944 1133.8
0.1945 1133.8
0.1946 1133.8
0.1947 1133.8
0.1948 1133.7
0.1949 1133.7
0.195 1133.7
0.1951 1133.7
0.1952 1133.6
0.1953 1133.6
0.1954 1133.6
0.1955 1133.6
0.1956 1133.6
0.1957 1133.5
0.1958 1133.5
0.1959 1133.5
0.196 1133.5
0.1961 1133.5
0.1962 1133.4
0.1963 1133.4
0.1964 1133.4
0.1965 1133.4
0.1966 1133.4
0.1967 1133.4
0.1968 1133.4
0.1969 1133.3
0.197 1133.3
0.1971 1133.3
0.1972 1133.3
0.1973 1133.3
0.1974 1133.3
0.1975 1133.3
0.1976 1133.3
0.1977 1133.2
0.1978 1133.2
0.1979 1133.2
0.198 1133.2
0.1981 1133.2
0.1982 1133.2
0.1983 1133.2
0.1984 1133.2
0.1985 1133.2
0.1986 1133.2
0.1987 1133.2
0.1988 1133.2
0.1989 1133.2
0.199 1133.2
0.1991 1133.1
0.1992 1133.1
0.1993 1133.1
0.1994 1133.1
0.1995 1133.1
0.1996 1133.1
0.1997 1133.1
0.1998 1133.1
0.1999 1133.1
0.2 1133.1
0.2001 1133.1
0.2002 1133.1
0.2003 1133.1
0.2004 1133.1
0.2005 1133.1
0.2006 1133.1
0.2007 1133.1
0.2008 1133.1
0.2009 1133.1
0.201 1133.1
0.2011 1133.1
0.2012 1133
0.2013 1133
0.2014 1133
0.2015 1133
0.2016 1133
0.2017 1133
0.2018 1133
0.2019 1133
0.202 1133
0.2021 1133
0.2022 1133
0.2023 1133
0.2024 1133
0.2025 1133
0.2026 1133
0.2027 1133
0.2028 1133
0.2029 1133
0.203 1133
0.2031 1133
0.2032 1133
0.2033 1132.9
0.2034 1132.9
0.2035 1132.9
0.2036 1132.9
0.2037 1132.9
0.2038 1132.9
0.2039 1132.9
0.204 1132.9
0.2041 1132.9
0.2042 1132.9
0.2043 1132.9
0.2044 1132.9
0.2045 1132.9
0.2046 1132.9
0.2047 1132.9
0.2048 1132.9
0.2049 1132.9
0.205 1132.9
0.2051 1132.9
0.2052 1132.9
0.2053 1132.8
0.2054 1132.8
0.2055 1132.8
0.2056 1132.8
0.2057 1132.8
0.2058 1132.8
0.2059 1132.8
0.206 1132.8
0.2061 1132.8
0.2062 1132.8
0.2063 1132.8
0.2064 1132.8
0.2065 1132.8
0.2066 1132.8
0.2067 1132.7
0.2068 1132.7
0.2069 1132.7
0.207 1132.7
0.2071 1132.7
0.2072 1132.7
0.2073 1132.7
0.2074 1132.7
0.2075 1132.6
0.2076 1132.6
0.2077 1132.6
0.2078 1132.6
0.2079 1132.5
0.208 1132.5
0.2081 1132.5
0.2082 1132.4
0.2083 1132.4
0.2084 1132.4
0.2085 1132.3
0.2086 1132.3
0.2087 1132.3
0.2088 1132.2
0.2089 1132.2
0.209 1132.1
0.2091 1132.1
0.2092 1132
0.2093 1132
0.2094 1131.9
0.2095 1131.9
0.2096 1131.8
0.2097 1131.8
0.2098 1131.7
0.2099 1131.7
0.21 1131.6
0.2101 1131.6
0.2102 1131.5
0.2103 1131.4
0.2104 1131.4
0.2105 1131.3
0.2106 1131.3
0.2107 1131.2
0.2108 1131.1
0.2109 1131.1
0.211 1131
0.2111 1131
0.2112 1130.9
0.2113 1130.8
0.2114 1130.8
0.2115 1130.7
0.2116 1130.6
0.2117 1130.6
0.2118 1130.5
0.2119 1130.4
0.212 1130.3
0.2121 1130.3
0.2122 1130.2
0.2123 1130.1
0.2124 1130
0.2125 1129.9
0.2126 1129.8
0.2127 1129.7
0.2128 1129.6
0.2129 1129.5
0.213 1129.4
0.2131 1129.3
0.2132 1129.2
0.2133 1129.1
0.2134 1129
0.2135 1128.9
0.2136 1128.8
0.2137 1128.6
0.2138 1128.5
0.2139 1128.4
0.214 1128.3
0.2141 1128.2
0.2142 1128
0.2143 1127.9
0.2144 1127.8
0.2145 1127.7
0.2146 1127.5
0.2147 1127.4
0.2148 1127.3
0.2149 1127.1
0.215 1127
0.2151 1126.9
0.2152 1126.7
0.2153 1126.6
0.2154 1126.5
0.2155 1126.3
0.2156 1126.2
0.2157 1126.1
0.2158 1125.9
0.2159 1125.8
0.216 1125.6
0.2161 1125.5
0.2162 1125.4
0.2163 1125.2
0.2164 1125.1
0.2165 1124.9
0.2166 1124.8
0.2167 1124.6
0.2168 1124.5
0.2169 1124.3
0.217 1124.2
0.2171 1124
0.2172 1123.9
0.2173 1123.7
0.2174 1123.5
0.2175 1123.4
0.2176 1123.2
0.2177 1123
0.2178 1122.8
0.2179 1122.7
0.218 1122.5
0.2181 1122.3
0.2182 1122.1
0.2183 1121.9
0.2184 1121.7
0.2185 1121.5
0.2186 1121.4
0.2187 1121.2
0.2188 1120.9
0.2189 1120.7
0.219 1120.5
0.2191 1120.3
0.2192 1120.1
0.2193 1119.8
0.2194 1119.6
0.2195 1119.3
0.2196 1119.1
0.2197 1118.8
0.2198 1118.5
0.2199 1118.2
0.22 1117.9
0.2201 1117.6
0.2202 1117.3
0.2203 1117
0.2204 1116.7
0.2205 1116.4
0.2206 1116.1
0.2207 1115.8
0.2208 1115.5
0.2209 1115.3
0.221 1115
0.2211 1114.8
0.2212 1114.5
0.2213 1114.3
0.2214 1114
0.2215 1113.8
0.2216 1113.5
0.2217 1113.3
0.2218 1113.1
0.2219 1112.8
0.222 1112.6
0.2221 1112.4
0.2222 1112.2
0.2223 1111.9
0.2224 1111.7
0.2225 1111.5
0.2226 1111.2
0.2227 1111
0.2228 1110.8
0.2229 1110.5
0.223 1110.3
0.2231 1110.1
0.2232 1109.8
0.2233 1109.6
0.2234 1109.3
0.2235 1109.1
0.2236 1108.8
0.2237 1108.6
0.2238 1108.4
0.2239 1108.1
0.224 1107.9
0.2241 1107.6
0.2242 1107.4
0.2243 1107.1
0.2244 1106.9
0.2245 1106.6
0.2246 1106.3
0.2247 1106.1
0.2248 1105.8
0.2249 1105.5
0.225 1105.3
0.2251 1105
0.2252 1104.7
0.2253 1104.4
0.2254 1104.1
0.2255 1103.8
0.2256 1103.5
0.2257 1103.2
0.2258 1102.9
0.2259 1102.6
0.226 1102.3
0.2261 1101.9
0.2262 1101.6
0.2263 1101.3
0.2264 1101
0.2265 1100.6
0.2266 1100.3
0.2267 1100
0.2268 1099.7
0.2269 1099.4
0.227 1099.1
0.2271 1098.8
0.2272 1098.5
0.2273 1098.2
0.2274 1097.9
0.2275 1097.6
0.2276 1097.3
0.2277 1097
0.2278 1096.8
0.2279 1096.5
0.228 1096.3
0.2281 1096
0.2282 1095.8
0.2283 1095.5
0.2284 1095.3
0.2285 1095
0.2286 1094.8
0.2287 1094.6
0.2288 1094.3
0.2289 1094.1
0.229 1093.8
0.2291 1093.6
0.2292 1093.4
0.2293 1093.1
0.2294 1092.9
0.2295 1092.6
0.2296 1092.4
0.2297 1092.1
0.2298 1091.9
0.2299 1091.6
0.23 1091.3
0.2301 1091.1
0.2302 1090.8
0.2303 1090.5
0.2304 1090.3
0.2305 1090
0.2306 1089.7
0.2307 1089.5
0.2308 1089.2
0.2309 1088.9
0.231 1088.6
0.2311 1088.3
0.2312 1088.1
0.2313 1087.8
0.2314 1087.5
0.2315 1087.2
0.2316 1086.9
0.2317 1086.7
0.2318 1086.4
0.2319 1086.1
0.232 1085.8
0.2321 1085.5
0.2322 1085.2
0.2323 1085
0.2324 1084.7
0.2325 1084.4
0.2326 1084.1
0.2327 1083.8
0.2328 1083.6
0.2329 1083.3
0.233 1083
0.2331 1082.7
0.2332 1082.4
0.2333 1082.1
0.2334 1081.9
0.2335 1081.6
0.2336 1081.3
0.2337 1081
0.2338 1080.7
0.2339 1080.4
0.234 1080.1
0.2341 1079.9
0.2342 1079.6
0.2343 1079.3
0.2344 1079
0.2345 1078.7
0.2346 1078.5
0.2347 1078.2
0.2348 1077.9
0.2349 1077.7
0.235 1077.4
0.2351 1077.1
0.2352 1076.8
0.2353 1076.6
0.2354 1076.3
0.2355 1076
0.2356 1075.8
0.2357 1075.5
0.2358 1075.2
0.2359 1075
0.236 1074.7
0.2361 1074.5
0.2362 1074.2
0.2363 1074
0.2364 1073.7
0.2365 1073.5
0.2366 1073.2
0.2367 1073
0.2368 1072.8
0.2369 1072.5
0.237 1072.3
0.2371 1072.1
0.2372 1071.8
0.2373 1071.6
0.2374 1071.4
0.2375 1071.2
0.2376 1070.9
0.2377 1070.7
0.2378 1070.5
0.2379 1070.3
0.238 1070
0.2381 1069.8
0.2382 1069.6
0.2383 1069.4
0.2384 1069.2
0.2385 1069
0.2386 1068.8
0.2387 1068.6
0.2388 1068.4
0.2389 1068.2
0.239 1068
0.2391 1067.9
0.2392 1067.7
0.2393 1067.5
0.2394 1067.4
0.2395 1067.2
0.2396 1067.1
0.2397 1066.9
0.2398 1066.8
0.2399 1066.6
0.24 1066.5
0.2401 1066.3
0.2402 1066.2
0.2403 1066
0.2404 1065.9
0.2405 1065.8
0.2406 1065.6
0.2407 1065.5
0.2408 1065.4
0.2409 1065.3
0.241 1065.1
0.2411 1065
0.2412 1064.9
0.2413 1064.8
0.2414 1064.7
0.2415 1064.5
0.2416 1064.4
0.2417 1064.3
0.2418 1064.2
0.2419 1064.1
0.242 1064
0.2421 1063.8
0.2422 1063.7
0.2423 1063.6
0.2424 1063.5
0.2425 1063.4
0.2426 1063.3
0.2427 1063.2
0.2428 1063.1
0.2429 1063
0.243 1062.9
0.2431 1062.8
0.2432 1062.7
0.2433 1062.5
0.2434 1062.4
0.2435 1062.3
0.2436 1062.2
0.2437 1062.1
0.2438 1062
0.2439 1061.9
0.244 1061.8
0.2441 1061.7
0.2442 1061.6
0.2443 1061.5
0.2444 1061.3
0.2445 1061.2
0.2446 1061.1
0.2447 1061
0.2448 1060.9
0.2449 1060.8
0.245 1060.7
0.2451 1060.6
0.2452 1060.5
0.2453 1060.4
0.2454 1060.2
0.2455 1060.1
0.2456 1060
0.2457 1059.9
0.2458 1059.8
0.2459 1059.7
0.246 1059.6
0.2461 1059.5
0.2462 1059.4
0.2463 1059.3
0.2464 1059.2
0.2465 1059.1
0.2466 1059
0.2467 1058.9
0.2468 1058.8
0.2469 1058.7
0.247 1058.6
0.2471 1058.5
0.2472 1058.4
0.2473 1058.3
0.2474 1058.2
0.2475 1058.1
0.2476 1058
0.2477 1057.9
0.2478 1057.8
0.2479 1057.7
0.248 1057.6
0.2481 1057.6
0.2482 1057.5
0.2483 1057.4
0.2484 1057.3
0.2485 1057.2
0.2486 1057.2
0.2487 1057.1
0.2488 1057
0.2489 1056.9
0.249 1056.9
0.2491 1056.8
0.2492 1056.7
0.2493 1056.6
0.2494 1056.6
0.2495 1056.5
0.2496 1056.4
0.2497 1056.3
0.2498 1056.3
0.2499 1056.2
0.25 1056.1
0.2501 1056.1
0.2502 1056
0.2503 1055.9
0.2504 1055.8
0.2505 1055.8
0.2506 1055.7
0.2507 1055.7
0.2508 1055.6
0.2509 1055.5
0.251 1055.5
0.2511 1055.4
0.2512 1055.3
0.2513 1055.3
0.2514 1055.2
0.2515 1055.2
0.2516 1055.1
0.2517 1055
0.2518 1055
0.2519 1054.9
0.252 1054.9
0.2521 1054.8
0.2522 1054.8
0.2523 1054.7
0.2524 1054.7
0.2525 1054.6
0.2526 1054.6
0.2527 1054.5
0.2528 1054.5
0.2529 1054.4
0.253 1054.4
0.2531 1054.4
0.2532 1054.3
0.2533 1054.3
0.2534 1054.2
0.2535 1054.2
0.2536 1054.1
0.2537 1054.1
0.2538 1054.1
0.2539 1054
0.254 1054
0.2541 1053.9
0.2542 1053.9
0.2543 1053.9
0.2544 1053.8
0.2545 1053.8
0.2546 1053.7
0.2547 1053.7
0.2548 1053.7
0.2549 1053.6
0.255 1053.6
0.2551 1053.5
0.2552 1053.5
0.2553 1053.5
0.2554 1053.4
0.2555 1053.4
0.2556 1053.4
0.2557 1053.3
0.2558 1053.3
0.2559 1053.3
0.256 1053.2
0.2561 1053.2
0.2562 1053.2
0.2563 1053.2
0.2564 1053.1
0.2565 1053.1
0.2566 1053.1
0.2567 1053.1
0.2568 1053
0.2569 1053
0.257 1053
0.2571 1053
0.2572 1053
0.2573 1053
0.2574 1053
0.2575 1052.9
0.2576 1052.9
0.2577 1052.9
0.2578 1052.9
0.2579 1052.9
0.258 1052.9
0.2581 1052.9
0.2582 1052.9
0.2583 1052.9
0.2584 1052.9
0.2585 1052.9
0.2586 1052.9
0.2587 1052.9
0.2588 1052.9
0.2589 1052.9
0.259 1052.9
0.2591 1052.9
0.2592 1052.9
0.2593 1052.9
0.2594 1052.9
0.2595 1052.9
0.2596 1052.8
0.2597 1052.8
0.2598 1052.8
0.2599 1052.8
0.26 1052.8
0.2601 1052.8
0.2602 1052.8
0.2603 1052.8
0.2604 1052.8
0.2605 1052.8
0.2606 1052.8
0.2607 1052.8
0.2608 1052.8
0.2609 1052.8
0.261 1052.8
0.2611 1052.8
0.2612 1052.8
0.2613 1052.8
0.2614 1052.8
0.2615 1052.8
0.2616 1052.8
0.2617 1052.8
0.2618 1052.8
0.2619 1052.8
0.262 1052.8
0.2621 1052.8
0.2622 1052.8
0.2623 1052.8
0.2624 1052.8
0.2625 1052.8
0.2626 1052.8
0.2627 1052.8
0.2628 1052.8
0.2629 1052.8
0.263 1052.8
0.2631 1052.8
0.2632 1052.9
0.2633 1052.9
0.2634 1052.9
0.2635 1052.9
0.2636 1052.9
0.2637 1052.9
0.2638 1052.9
0.2639 1053
0.264 1053
0.2641 1053
0.2642 1053
0.2643 1053
0.2644 1053
0.2645 1053.1
0.2646 1053.1
0.2647 1053.1
0.2648 1053.1
0.2649 1053.2
0.265 1053.2
0.2651 1053.2
0.2652 1053.2
0.2653 1053.2
0.2654 1053.3
0.2655 1053.3
0.2656 1053.3
0.2657 1053.3
0.2658 1053.4
0.2659 1053.4
0.266 1053.4
0.2661 1053.4
0.2662 1053.5
0.2663 1053.5
0.2664 1053.5
0.2665 1053.5
0.2666 1053.6
0.2667 1053.6
0.2668 1053.6
0.2669 1053.7
0.267 1053.7
0.2671 1053.7
0.2672 1053.7
0.2673 1053.8
0.2674 1053.8
0.2675 1053.8
0.2676 1053.9
0.2677 1053.9
0.2678 1053.9
0.2679 1054
0.268 1054
0.2681 1054
0.2682 1054.1
0.2683 1054.1
0.2684 1054.1
0.2685 1054.2
0.2686 1054.2
0.2687 1054.3
0.2688 1054.3
0.2689 1054.3
0.269 1054.4
0.2691 1054.4
0.2692 1054.5
0.2693 1054.5
0.2694 1054.6
0.2695 1054.6
0.2696 1054.7
0.2697 1054.7
0.2698 1054.8
0.2699 1054.8
0.27 1054.9
0.2701 1054.9
0.2702 1055
0.2703 1055
0.2704 1055.1
0.2705 1055.1
0.2706 1055.2
0.2707 1055.2
0.2708 1055.3
0.2709 1055.4
0.271 1055.4
0.2711 1055.5
0.2712 1055.5
0.2713 1055.6
0.2714 1055.7
0.2715 1055.7
0.2716 1055.8
0.2717 1055.9
0.2718 1056
0.2719 1056
0.272 1056.1
0.2721 1056.2
0.2722 1056.3
0.2723 1056.4
0.2724 1056.5
0.2725 1056.6
0.2726 1056.7
0.2727 1056.8
0.2728 1056.9
0.2729 1057
0.273 1057.1
0.2731 1057.3
0.2732 1057.4
0.2733 1057.5
0.2734 1057.6
0.2735 1057.7
0.2736 1057.9
0.2737 1058
0.2738 1058.1
0.2739 1058.3
0.274 1058.4
0.2741 1058.5
0.2742 1058.6
0.2743 1058.8
0.2744 1058.9
0.2745 1059.1
0.2746 1059.2
0.2747 1059.3
0.2748 1059.5
0.2749 1059.6
0.275 1059.7
0.2751 1059.9
0.2752 1060
0.2753 1060.1
0.2754 1060.3
0.2755 1060.4
0.2756 1060.5
0.2757 1060.7
0.2758 1060.8
0.2759 1061
0.276 1061.1
0.2761 1061.2
0.2762 1061.4
0.2763 1061.5
0.2764 1061.7
0.2765 1061.8
0.2766 1062
0.2767 1062.1
0.2768 1062.3
0.2769 1062.4
0.277 1062.6
0.2771 1062.7
0.2772 1062.9
0.2773 1063.1
0.2774 1063.2
0.2775 1063.4
0.2776 1063.5
0.2777 1063.7
0.2778 1063.9
0.2779 1064
0.278 1064.2
0.2781 1064.3
0.2782 1064.5
0.2783 1064.7
0.2784 1064.8
0.2785 1065
0.2786 1065.2
0.2787 1065.3
0.2788 1065.5
0.2789 1065.7
0.279 1065.8
0.2791 1066
0.2792 1066.1
0.2793 1066.3
0.2794 1066.5
0.2795 1066.6
0.2796 1066.8
0.2797 1066.9
0.2798 1067.1
0.2799 1067.2
0.28 1067.4
0.2801 1067.6
0.2802 1067.7
0.2803 1067.9
0.2804 1068
0.2805 1068.2
0.2806 1068.3
0.2807 1068.5
0.2808 1068.7
0.2809 1068.8
0.281 1069
0.2811 1069.1
0.2812 1069.3
0.2813 1069.5
0.2814 1069.6
0.2815 1069.8
0.2816 1069.9
0.2817 1070.1
0.2818 1070.2
0.2819 1070.4
0.282 1070.5
0.2821 1070.7
0.2822 1070.9
0.2823 1071
0.2824 1071.2
0.2825 1071.3
0.2826 1071.5
0.2827 1071.6
0.2828 1071.8
0.2829 1071.9
0.283 1072
0.2831 1072.2
0.2832 1072.3
0.2833 1072.5
0.2834 1072.6
0.2835 1072.8
0.2836 1072.9
0.2837 1073
0.2838 1073.2
0.2839 1073.3
0.284 1073.5
0.2841 1073.6
0.2842 1073.7
0.2843 1073.9
0.2844 1074
0.2845 1074.2
0.2846 1074.3
0.2847 1074.4
0.2848 1074.6
0.2849 1074.7
0.285 1074.8
0.2851 1075
0.2852 1075.1
0.2853 1075.2
0.2854 1075.4
0.2855 1075.5
0.2856 1075.6
0.2857 1075.8
0.2858 1075.9
0.2859 1076
0.286 1076.2
0.2861 1076.3
0.2862 1076.4
0.2863 1076.5
0.2864 1076.6
0.2865 1076.8
0.2866 1076.9
0.2867 1077
0.2868 1077.1
0.2869 1077.2
0.287 1077.3
0.2871 1077.4
0.2872 1077.5
0.2873 1077.6
0.2874 1077.7
0.2875 1077.8
0.2876 1077.9
0.2877 1078
0.2878 1078.1
0.2879 1078.2
0.288 1078.3
0.2881 1078.4
0.2882 1078.6
0.2883 1078.7
0.2884 1078.8
0.2885 1078.9
0.2886 1079
0.2887 1079.1
0.2888 1079.2
0.2889 1079.3
0.289 1079.4
0.2891 1079.5
0.2892 1079.6
0.2893 1079.7
0.2894 1079.8
0.2895 1079.9
0.2896 1080
0.2897 1080.1
0.2898 1080.2
0.2899 1080.3
0.29 1080.4
0.2901 1080.4
0.2902 1080.5
0.2903 1080.6
0.2904 1080.7
0.2905 1080.8
0.2906 1080.8
0.2907 1080.9
0.2908 1081
0.2909 1081
0.291 1081.1
0.2911 1081.1
0.2912 1081.2
0.2913 1081.2
0.2914 1081.3
0.2915 1081.3
0.2916 1081.3
0.2917 1081.4
0.2918 1081.4
0.2919 1081.4
0.292 1081.4
0.2921 1081.4
0.2922 1081.4
0.2923 1081.4
0.2924 1081.4
0.2925 1081.4
0.2926 1081.4
0.2927 1081.4
0.2928 1081.4
0.2929 1081.4
0.293 1081.3
0.2931 1081.3
0.2932 1081.3
0.2933 1081.3
0.2934 1081.3
0.2935 1081.2
0.2936 1081.2
0.2937 1081.2
0.2938 1081.1
0.2939 1081.1
0.294 1081.1
0.2941 1081
0.2942 1081
0.2943 1081
0.2944 1080.9
0.2945 1080.9
0.2946 1080.8
0.2947 1080.8
0.2948 1080.8
0.2949 1080.7
0.295 1080.7
0.2951 1080.6
0.2952 1080.6
0.2953 1080.5
0.2954 1080.5
0.2955 1080.4
0.2956 1080.4
0.2957 1080.3
0.2958 1080.2
0.2959 1080.2
0.296 1080.1
0.2961 1080.1
0.2962 1080
0.2963 1080
0.2964 1079.9
0.2965 1079.8
0.2966 1079.8
0.2967 1079.7
0.2968 1079.6
0.2969 1079.6
0.297 1079.5
0.2971 1079.4
0.2972 1079.3
0.2973 1079.2
0.2974 1079.1
0.2975 1079
0.2976 1078.8
0.2977 1078.7
0.2978 1078.6
0.2979 1078.4
0.298 1078.3
0.2981 1078.1
0.2982 1078
0.2983 1077.8
0.2984 1077.6
0.2985 1077.5
0.2986 1077.3
0.2987 1077.1
0.2988 1076.9
0.2989 1076.7
0.299 1076.5
0.2991 1076.4
0.2992 1076.2
0.2993 1076
0.2994 1075.8
0.2995 1075.6
0.2996 1075.4
0.2997 1075.2
0.2998 1075
0.2999 1074.8
0.3 1074.6
0.3001 1074.4
0.3002 1074.2
0.3003 1073.9
0.3004 1073.7
0.3005 1073.5
0.3006 1073.3
0.3007 1073
0.3008 1072.8
0.3009 1072.5
0.301 1072.3
0.3011 1072
0.3012 1071.7
0.3013 1071.5
0.3014 1071.2
0.3015 1070.9
0.3016 1070.6
0.3017 1070.3
0.3018 1070
0.3019 1069.8
0.302 1069.5
0.3021 1069.2
0.3022 1068.9
0.3023 1068.6
0.3024 1068.4
0.3025 1068.1
0.3026 1067.8
0.3027 1067.5
0.3028 1067.2
0.3029 1067
0.303 1066.7
0.3031 1066.4
0.3032 1066.1
0.3033 1065.8
0.3034 1065.5
0.3035 1065.2
0.3036 1065
0.3037 1064.7
0.3038 1064.4
0.3039 1064.1
0.304 1063.8
0.3041 1063.5
0.3042 1063.3
0.3043 1063
0.3044 1062.7
0.3045 1062.4
0.3046 1062.2
0.3047 1061.9
0.3048 1061.7
0.3049 1061.4
0.305 1061.1
0.3051 1060.9
0.3052 1060.6
0.3053 1060.4
0.3054 1060.1
0.3055 1059.9
0.3056 1059.6
0.3057 1059.4
0.3058 1059.1
0.3059 1058.9
0.306 1058.6
0.3061 1058.3
0.3062 1058
0.3063 1057.8
0.3064 1057.5
0.3065 1057.2
0.3066 1056.9
0.3067 1056.6
0.3068 1056.3
0.3069 1056
0.307 1055.6
0.3071 1055.3
0.3072 1055
0.3073 1054.7
0.3074 1054.3
0.3075 1054
0.3076 1053.7
0.3077 1053.3
0.3078 1053
0.3079 1052.7
0.308 1052.3
0.3081 1052
0.3082 1051.7
0.3083 1051.4
0.3084 1051.1
0.3085 1050.7
0.3086 1050.4
0.3087 1050.1
0.3088 1049.8
0.3089 1049.5
0.309 1049.2
0.3091 1048.8
0.3092 1048.5
0.3093 1048.2
0.3094 1047.9
0.3095 1047.6
0.3096 1047.3
0.3097 1047
0.3098 1046.7
0.3099 1046.4
0.31 1046.1
0.3101 1045.8
0.3102 1045.5
0.3103 1045.2
0.3104 1044.9
0.3105 1044.6
0.3106 1044.3
0.3107 1044
0.3108 1043.7
0.3109 1043.4
0.311 1043.2
0.3111 1042.9
0.3112 1042.6
0.3113 1042.3
0.3114 1042
0.3115 1041.8
0.3116 1041.5
0.3117 1041.2
0.3118 1040.9
0.3119 1040.6
0.312 1040.3
0.3121 1040
0.3122 1039.7
0.3123 1039.3
0.3124 1039
0.3125 1038.7
0.3126 1038.4
0.3127 1038.1
0.3128 1037.7
0.3129 1037.4
0.313 1037.1
0.3131 1036.8
0.3132 1036.4
0.3133 1036.1
0.3134 1035.8
0.3135 1035.4
0.3136 1035.1
0.3137 1034.8
0.3138 1034.4
0.3139 1034.1
0.314 1033.8
0.3141 1033.4
0.3142 1033
0.3143 1032.7
0.3144 1032.3
0.3145 1031.9
0.3146 1031.6
0.3147 1031.2
0.3148 1030.8
0.3149 1030.5
0.315 1030.1
0.3151 1029.8
0.3152 1029.4
0.3153 1029.1
0.3154 1028.7
0.3155 1028.4
0.3156 1028.1
0.3157 1027.8
0.3158 1027.5
0.3159 1027.2
0.316 1026.9
0.3161 1026.7
0.3162 1026.4
0.3163 1026.2
0.3164 1025.9
0.3165 1025.7
0.3166 1025.4
0.3167 1025.2
0.3168 1025
0.3169 1024.7
0.317 1024.5
0.3171 1024.3
0.3172 1024.1
0.3173 1023.9
0.3174 1023.6
0.3175 1023.4
0.3176 1023.2
0.3177 1023
0.3178 1022.8
0.3179 1022.6
0.318 1022.4
0.3181 1022.3
0.3182 1022.1
0.3183 1021.9
0.3184 1021.7
0.3185 1021.5
0.3186 1021.4
0.3187 1021.2
0.3188 1021
0.3189 1020.9
0.319 1020.7
0.3191 1020.5
0.3192 1020.4
0.3193 1020.2
0.3194 1020
0.3195 1019.9
0.3196 1019.7
0.3197 1019.6
0.3198 1019.4
0.3199 1019.2
0.32 1019.1
0.3201 1018.9
0.3202 1018.8
0.3203 1018.6
0.3204 1018.4
0.3205 1018.3
0.3206 1018.1
0.3207 1018
0.3208 1017.8
0.3209 1017.7
0.321 1017.6
0.3211 1017.4
0.3212 1017.3
0.3213 1017.1
0.3214 1017
0.3215 1016.9
0.3216 1016.8
0.3217 1016.6
0.3218 1016.5
0.3219 1016.4
0.322 1016.3
0.3221 1016.2
0.3222 1016.1
0.3223 1016
0.3224 1015.9
0.3225 1015.8
0.3226 1015.7
0.3227 1015.6
0.3228 1015.6
0.3229 1015.5
0.323 1015.4
0.3231 1015.4
0.3232 1015.3
0.3233 1015.3
0.3234 1015.2
0.3235 1015.2
0.3236 1015.1
0.3237 1015.1
0.3238 1015
0.3239 1015
0.324 1014.9
0.3241 1014.9
0.3242 1014.8
0.3243 1014.8
0.3244 1014.7
0.3245 1014.7
0.3246 1014.7
0.3247 1014.6
0.3248 1014.6
0.3249 1014.5
0.325 1014.5
0.3251 1014.5
0.3252 1014.4
0.3253 1014.4
0.3254 1014.3
0.3255 1014.3
0.3256 1014.3
0.3257 1014.2
0.3258 1014.2
0.3259 1014.2
0.326 1014.2
0.3261 1014.1
0.3262 1014.1
0.3263 1014.1
0.3264 1014.1
0.3265 1014
0.3266 1014
0.3267 1014
0.3268 1014
0.3269 1014
0.327 1014
0.3271 1013.9
0.3272 1013.9
0.3273 1013.9
0.3274 1013.9
0.3275 1013.9
0.3276 1013.9
0.3277 1013.9
0.3278 1013.9
0.3279 1013.9
0.328 1013.9
0.3281 1013.9
0.3282 1013.9
0.3283 1013.9
0.3284 1013.9
0.3285 1014
0.3286 1014
0.3287 1014
0.3288 1014
0.3289 1014
0.329 1014.1
0.3291 1014.1
0.3292 1014.1
0.3293 1014.2
0.3294 1014.2
0.3295 1014.2
0.3296 1014.3
0.3297 1014.3
0.3298 1014.4
0.3299 1014.4
0.33 1014.4
0.3301 1014.5
0.3302 1014.5
0.3303 1014.6
0.3304 1014.6
0.3305 1014.7
0.3306 1014.7
0.3307 1014.8
0.3308 1014.8
0.3309 1014.9
0.331 1014.9
0.3311 1015
0.3312 1015
0.3313 1015.1
0.3314 1015.2
0.3315 1015.2
0.3316 1015.3
0.3317 1015.3
0.3318 1015.4
0.3319 1015.4
0.332 1015.5
0.3321 1015.5
0.3322 1015.6
0.3323 1015.7
0.3324 1015.7
0.3325 1015.8
0.3326 1015.8
0.3327 1015.9
0.3328 1016
0.3329 1016
0.333 1016.1
0.3331 1016.2
0.3332 1016.3
0.3333 1016.4
0.3334 1016.4
0.3335 1016.5
0.3336 1016.6
0.3337 1016.7
0.3338 1016.8
0.3339 1016.9
0.334 1017
0.3341 1017.1
0.3342 1017.2
0.3343 1017.3
0.3344 1017.4
0.3345 1017.5
0.3346 1017.6
0.3347 1017.7
0.3348 1017.8
0.3349 1017.9
0.335 1018
0.3351 1018.1
0.3352 1018.2
0.3353 1018.3
0.3354 1018.4
0.3355 1018.5
0.3356 1018.6
0.3357 1018.7
0.3358 1018.8
0.3359 1018.9
0.336 1019.1
0.3361 1019.2
0.3362 1019.3
0.3363 1019.4
0.3364 1019.5
0.3365 1019.6
0.3366 1019.7
0.3367 1019.8
0.3368 1019.9
0.3369 1020
0.337 1020.1
0.3371 1020.2
0.3372 1020.3
0.3373 1020.4
0.3374 1020.5
0.3375 1020.6
0.3376 1020.7
0.3377 1020.8
0.3378 1020.9
0.3379 1021
0.338 1021.1
0.3381 1021.2
0.3382 1021.3
0.3383 1021.4
0.3384 1021.5
0.3385 1021.6
0.3386 1021.7
0.3387 1021.8
0.3388 1021.9
0.3389 1022
0.339 1022.1
0.3391 1022.2
0.3392 1022.3
0.3393 1022.4
0.3394 1022.5
0.3395 1022.7
0.3396 1022.8
0.3397 1022.9
0.3398 1023
0.3399 1023.1
0.34 1023.2
0.3401 1023.3
0.3402 1023.4
0.3403 1023.5
0.3404 1023.6
0.3405 1023.7
0.3406 1023.8
0.3407 1023.9
0.3408 1024
0.3409 1024.1
0.341 1024.2
0.3411 1024.3
0.3412 1024.4
0.3413 1024.5
0.3414 1024.6
0.3415 1024.7
0.3416 1024.8
0.3417 1024.9
0.3418 1025
0.3419 1025.1
0.342 1025.2
0.3421 1025.3
0.3422 1025.4
0.3423 1025.5
0.3424 1025.6
0.3425 1025.7
0.3426 1025.8
0.3427 1025.9
0.3428 1026
0.3429 1026.1
0.343 1026.2
0.3431 1026.3
0.3432 1026.4
0.3433 1026.5
0.3434 1026.6
0.3435 1026.7
0.3436 1026.8
0.3437 1026.9
0.3438 1027
0.3439 1027.1
0.344 1027.2
0.3441 1027.3
0.3442 1027.4
0.3443 1027.5
0.3444 1027.6
0.3445 1027.7
0.3446 1027.8
0.3447 1027.9
0.3448 1028
0.3449 1028.1
0.345 1028.2
0.3451 1028.3
0.3452 1028.4
0.3453 1028.4
0.3454 1028.5
0.3455 1028.6
0.3456 1028.7
0.3457 1028.8
0.3458 1028.9
0.3459 1028.9
0.346 1029
0.3461 1029.1
0.3462 1029.2
0.3463 1029.2
0.3464 1029.3
0.3465 1029.4
0.3466 1029.4
0.3467 1029.5
0.3468 1029.6
0.3469 1029.7
0.347 1029.7
0.3471 1029.8
0.3472 1029.9
0.3473 1029.9
0.3474 1030
0.3475 1030.1
0.3476 1030.1
0.3477 1030.2
0.3478 1030.3
0.3479 1030.3
0.348 1030.4
0.3481 1030.5
0.3482 1030.5
0.3483 1030.6
0.3484 1030.6
0.3485 1030.7
0.3486 1030.8
0.3487 1030.8
0.3488 1030.9
0.3489 1030.9
0.349 1031
0.3491 1031
0.3492 1031.1
0.3493 1031.2
0.3494 1031.2
0.3495 1031.3
0.3496 1031.3
0.3497 1031.4
0.3498 1031.4
0.3499 1031.5
0.35 1031.5
0.3501 1031.6
0.3502 1031.6
0.3503 1031.7
0.3504 1031.7
0.3505 1031.8
0.3506 1031.8
0.3507 1031.8
0.3508 1031.9
0.3509 1031.9
0.351 1032
0.3511 1032
0.3512 1032.1
0.3513 1032.1
0.3514 1032.1
0.3515 1032.2
0.3516 1032.2
0.3517 1032.3
0.3518 1032.3
0.3519 1032.3
0.352 1032.4
0.3521 1032.4
0.3522 1032.5
0.3523 1032.5
0.3524 1032.5
0.3525 1032.6
0.3526 1032.6
0.3527 1032.6
0.3528 1032.7
0.3529 1032.7
0.353 1032.7
0.3531 1032.8
0.3532 1032.8
0.3533 1032.8
0.3534 1032.9
0.3535 1032.9
0.3536 1032.9
0.3537 1033
0.3538 1033
0.3539 1033
0.354 1033.1
0.3541 1033.1
0.3542 1033.1
0.3543 1033.2
0.3544 1033.2
0.3545 1033.2
0.3546 1033.2
0.3547 1033.3
0.3548 1033.3
0.3549 1033.3
0.355 1033.4
0.3551 1033.4
0.3552 1033.4
0.3553 1033.4
0.3554 1033.5
0.3555 1033.5
0.3556 1033.5
0.3557 1033.5
0.3558 1033.6
0.3559 1033.6
0.356 1033.6
0.3561 1033.6
0.3562 1033.7
0.3563 1033.7
0.3564 1033.7
0.3565 1033.7
0.3566 1033.7
0.3567 1033.8
0.3568 1033.8
0.3569 1033.8
0.357 1033.8
0.3571 1033.9
0.3572 1033.9
0.3573 1033.9
0.3574 1033.9
0.3575 1033.9
0.3576 1034
0.3577 1034
0.3578 1034
0.3579 1034
0.358 1034
0.3581 1034.1
0.3582 1034.1
0.3583 1034.1
0.3584 1034.1
0.3585 1034.1
0.3586 1034.2
0.3587 1034.2
0.3588 1034.2
0.3589 1034.2
0.359 1034.2
0.3591 1034.3
0.3592 1034.3
0.3593 1034.3
0.3594 1034.3
0.3595 1034.3
0.3596 1034.4
0.3597 1034.4
0.3598 1034.4
0.3599 1034.4
0.36 1034.5
0.3601 1034.5
0.3602 1034.5
0.3603 1034.5
0.3604 1034.5
0.3605 1034.6
0.3606 1034.6
0.3607 1034.6
0.3608 1034.6
0.3609 1034.7
0.361 1034.7
0.3611 1034.7
0.3612 1034.7
0.3613 1034.7
0.3614 1034.8
0.3615 1034.8
0.3616 1034.8
0.3617 1034.8
0.3618 1034.8
0.3619 1034.9
0.362 1034.9
0.3621 1034.9
0.3622 1034.9
0.3623 1035
0.3624 1035
0.3625 1035
0.3626 1035
0.3627 1035
0.3628 1035.1
0.3629 1035.1
0.363 1035.1
0.3631 1035.1
0.3632 1035.1
0.3633 1035.2
0.3634 1035.2
0.3635 1035.2
0.3636 1035.2
0.3637 1035.3
0.3638 1035.3
0.3639 1035.3
0.364 1035.3
0.3641 1035.3
0.3642 1035.4
0.3643 1035.4
0.3644 1035.4
0.3645 1035.4
0.3646 1035.4
0.3647 1035.5
0.3648 1035.5
0.3649 1035.5
0.365 1035.5
0.3651 1035.5
0.3652 1035.6
0.3653 1035.6
0.3654 1035.6
0.3655 1035.6
0.3656 1035.6
0.3657 1035.7
0.3658 1035.7
0.3659 1035.7
0.366 1035.7
0.3661 1035.7
0.3662 1035.7
0.3663 1035.8
0.3664 1035.8
0.3665 1035.8
0.3666 1035.8
0.3667 1035.8
0.3668 1035.9
0.3669 1035.9
0.367 1035.9
0.3671 1035.9
0.3672 1035.9
0.3673 1036
0.3674 1036
0.3675 1036
0.3676 1036
0.3677 1036
0.3678 1036.1
0.3679 1036.1
0.368 1036.1
0.3681 1036.1
0.3682 1036.2
0.3683 1036.2
0.3684 1036.2
0.3685 1036.2
0.3686 1036.2
0.3687 1036.3
0.3688 1036.3
0.3689 1036.3
0.369 1036.3
0.3691 1036.4
0.3692 1036.4
0.3693 1036.4
0.3694 1036.5
0.3695 1036.5
0.3696 1036.5
0.3697 1036.5
0.3698 1036.6
0.3699 1036.6
0.37 1036.6
0.3701 1036.7
0.3702 1036.7
0.3703 1036.7
0.3704 1036.8
0.3705 1036.8
0.3706 1036.8
0.3707 1036.9
0.3708 1036.9
0.3709 1036.9
0.371 1037
0.3711 1037
0.3712 1037
0.3713 1037.1
0.3714 1037.1
0.3715 1037.1
0.3716 1037.2
0.3717 1037.2
0.3718 1037.3
0.3719 1037.3
0.372 1037.3
0.3721 1037.4
0.3722 1037.4
0.3723 1037.5
0.3724 1037.5
0.3725 1037.5
0.3726 1037.6
0.3727 1037.6
0.3728 1037.7
0.3729 1037.7
0.373 1037.7
0.3731 1037.8
0.3732 1037.8
0.3733 1037.9
0.3734 1037.9
0.3735 1037.9
0.3736 1038
0.3737 1038
0.3738 1038.1
0.3739 1038.1
0.374 1038.2
0.3741 1038.2
0.3742 1038.3
0.3743 1038.3
0.3744 1038.4
0.3745 1038.4
0.3746 1038.4
0.3747 1038.5
0.3748 1038.5
0.3749 1038.6
0.375 1038.6
0.3751 1038.7
0.3752 1038.7
0.3753 1038.8
0.3754 1038.8
0.3755 1038.9
0.3756 1038.9
0.3757 1039
0.3758 1039.1
0.3759 1039.1
0.376 1039.2
0.3761 1039.2
0.3762 1039.3
0.3763 1039.3
0.3764 1039.4
0.3765 1039.4
0.3766 1039.5
0.3767 1039.6
0.3768 1039.6
0.3769 1039.7
0.377 1039.7
0.3771 1039.8
0.3772 1039.9
0.3773 1039.9
0.3774 1040
0.3775 1040
0.3776 1040.1
0.3777 1040.2
0.3778 1040.2
0.3779 1040.3
0.378 1040.4
0.3781 1040.4
0.3782 1040.5
0.3783 1040.6
0.3784 1040.7
0.3785 1040.7
0.3786 1040.8
0.3787 1040.9
0.3788 1041
0.3789 1041
0.379 1041.1
0.3791 1041.2
0.3792 1041.3
0.3793 1041.4
0.3794 1041.5
0.3795 1041.5
0.3796 1041.6
0.3797 1041.7
0.3798 1041.8
0.3799 1041.9
0.38 1042
0.3801 1042.1
0.3802 1042.2
0.3803 1042.3
0.3804 1042.3
0.3805 1042.4
0.3806 1042.5
0.3807 1042.6
0.3808 1042.7
0.3809 1042.8
0.381 1042.9
0.3811 1043
0.3812 1043.1
0.3813 1043.2
0.3814 1043.3
0.3815 1043.4
0.3816 1043.5
0.3817 1043.6
0.3818 1043.7
0.3819 1043.8
0.382 1043.9
0.3821 1044
0.3822 1044.1
0.3823 1044.2
0.3824 1044.3
0.3825 1044.4
0.3826 1044.5
0.3827 1044.6
0.3828 1044.7
0.3829 1044.8
0.383 1044.9
0.3831 1045
0.3832 1045.1
0.3833 1045.2
0.3834 1045.3
0.3835 1045.4
0.3836 1045.5
0.3837 1045.6
0.3838 1045.8
0.3839 1045.9
0.384 1046
0.3841 1046.1
0.3842 1046.2
0.3843 1046.3
0.3844 1046.4
0.3845 1046.5
0.3846 1046.7
0.3847 1046.8
0.3848 1046.9
0.3849 1047
0.385 1047.1
0.3851 1047.2
0.3852 1047.3
0.3853 1047.5
0.3854 1047.6
0.3855 1047.7
0.3856 1047.8
0.3857 1047.9
0.3858 1048
0.3859 1048.1
0.386 1048.3
0.3861 1048.4
0.3862 1048.5
0.3863 1048.6
0.3864 1048.7
0.3865 1048.8
0.3866 1048.9
0.3867 1049
0.3868 1049.1
0.3869 1049.2
0.387 1049.3
0.3871 1049.5
0.3872 1049.6
0.3873 1049.7
0.3874 1049.8
0.3875 1049.9
0.3876 1050
0.3877 1050.1
0.3878 1050.2
0.3879 1050.3
0.388 1050.4
0.3881 1050.5
0.3882 1050.6
0.3883 1050.7
0.3884 1050.8
0.3885 1050.9
0.3886 1051
0.3887 1051.1
0.3888 1051.2
0.3889 1051.3
0.389 1051.4
0.3891 1051.5
0.3892 1051.6
0.3893 1051.7
0.3894 1051.8
0.3895 1051.9
0.3896 1052
0.3897 1052.1
0.3898 1052.2
0.3899 1052.3
0.39 1052.4
0.3901 1052.5
0.3902 1052.6
0.3903 1052.7
0.3904 1052.8
0.3905 1052.9
0.3906 1053
0.3907 1053.1
0.3908 1053.2
0.3909 1053.3
0.391 1053.4
0.3911 1053.4
0.3912 1053.5
0.3913 1053.6
0.3914 1053.7
0.3915 1053.8
0.3916 1053.9
0.3917 1054
0.3918 1054.1
0.3919 1054.2
0.392 1054.3
0.3921 1054.4
0.3922 1054.5
0.3923 1054.6
0.3924 1054.7
0.3925 1054.9
0.3926 1055
0.3927 1055.1
0.3928 1055.2
0.3929 1055.3
0.393 1055.4
0.3931 1055.5
0.3932 1055.6
0.3933 1055.7
0.3934 1055.8
0.3935 1055.9
0.3936 1056
0.3937 1056.1
0.3938 1056.2
0.3939 1056.3
0.394 1056.4
0.3941 1056.5
0.3942 1056.6
0.3943 1056.7
0.3944 1056.8
0.3945 1056.9
0.3946 1057
0.3947 1057.1
0.3948 1057.2
0.3949 1057.3
0.395 1057.4
0.3951 1057.5
0.3952 1057.6
0.3953 1057.7
0.3954 1057.8
0.3955 1057.9
0.3956 1058
0.3957 1058
0.3958 1058.1
0.3959 1058.2
0.396 1058.3
0.3961 1058.4
0.3962 1058.4
0.3963 1058.5
0.3964 1058.6
0.3965 1058.6
0.3966 1058.7
0.3967 1058.8
0.3968 1058.9
0.3969 1058.9
0.397 1059
0.3971 1059.1
0.3972 1059.1
0.3973 1059.2
0.3974 1059.3
0.3975 1059.4
0.3976 1059.4
0.3977 1059.5
0.3978 1059.6
0.3979 1059.6
0.398 1059.7
0.3981 1059.8
0.3982 1059.8
0.3983 1059.9
0.3984 1060
0.3985 1060
0.3986 1060.1
0.3987 1060.2
0.3988 1060.2
0.3989 1060.3
0.399 1060.3
0.3991 1060.4
0.3992 1060.4
0.3993 1060.5
0.3994 1060.5
0.3995 1060.6
0.3996 1060.6
0.3997 1060.7
0.3998 1060.7
0.3999 1060.8
0.4 1060.8
0.4001 1060.8
0.4002 1060.9
0.4003 1060.9
0.4004 1060.9
0.4005 1060.9
0.4006 1061
0.4007 1061
0.4008 1061
0.4009 1061
0.401 1061
0.4011 1061
0.4012 1061
0.4013 1061.1
0.4014 1061.1
0.4015 1061.1
0.4016 1061.1
0.4017 1061.1
0.4018 1061.1
0.4019 1061.1
0.402 1061.1
0.4021 1061.2
0.4022 1061.2
0.4023 1061.2
0.4024 1061.2
0.4025 1061.2
0.4026 1061.2
0.4027 1061.2
0.4028 1061.2
0.4029 1061.2
0.403 1061.2
0.4031 1061.3
0.4032 1061.3
0.4033 1061.3
0.4034 1061.3
0.4035 1061.3
0.4036 1061.3
0.4037 1061.3
0.4038 1061.3
0.4039 1061.3
0.404 1061.3
0.4041 1061.3
0.4042 1061.3
0.4043 1061.3
0.4044 1061.3
0.4045 1061.3
0.4046 1061.3
0.4047 1061.3
0.4048 1061.3
0.4049 1061.3
0.405 1061.3
0.4051 1061.3
0.4052 1061.3
0.4053 1061.3
0.4054 1061.3
0.4055 1061.3
0.4056 1061.3
0.4057 1061.3
0.4058 1061.3
0.4059 1061.3
0.406 1061.3
0.4061 1061.3
0.4062 1061.3
0.4063 1061.3
0.4064 1061.2
0.4065 1061.2
0.4066 1061.2
0.4067 1061.2
0.4068 1061.1
0.4069 1061.1
0.407 1061.1
0.4071 1061
0.4072 1061
0.4073 1061
0.4074 1060.9
0.4075 1060.9
0.4076 1060.9
0.4077 1060.8
0.4078 1060.8
0.4079 1060.7
0.408 1060.7
0.4081 1060.7
0.4082 1060.6
0.4083 1060.6
0.4084 1060.5
0.4085 1060.5
0.4086 1060.4
0.4087 1060.4
0.4088 1060.3
0.4089 1060.3
0.409 1060.3
0.4091 1060.2
0.4092 1060.2
0.4093 1060.1
0.4094 1060.1
0.4095 1060
0.4096 1060
0.4097 1059.9
0.4098 1059.9
0.4099 1059.8
0.41 1059.8
0.4101 1059.7
0.4102 1059.7
0.4103 1059.6
0.4104 1059.6
0.4105 1059.5
0.4106 1059.5
0.4107 1059.4
0.4108 1059.4
0.4109 1059.3
0.411 1059.2
0.4111 1059.2
0.4112 1059.1
0.4113 1059.1
0.4114 1059
0.4115 1058.9
0.4116 1058.8
0.4117 1058.8
0.4118 1058.7
0.4119 1058.6
0.412 1058.6
0.4121 1058.5
0.4122 1058.4
0.4123 1058.3
0.4124 1058.3
0.4125 1058.2
0.4126 1058.1
0.4127 1058
0.4128 1058
0.4129 1057.9
0.413 1057.8
0.4131 1057.7
0.4132 1057.7
0.4133 1057.6
0.4134 1057.5
0.4135 1057.4
0.4136 1057.3
0.4137 1057.3
0.4138 1057.2
0.4139 1057.1
0.414 1057
0.4141 1056.9
0.4142 1056.9
0.4143 1056.8
0.4144 1056.7
0.4145 1056.6
0.4146 1056.6
0.4147 1056.5
0.4148 1056.4
0.4149 1056.3
0.415 1056.2
0.4151 1056.2
0.4152 1056.1
0.4153 1056
0.4154 1055.9
0.4155 1055.8
0.4156 1055.7
0.4157 1055.6
0.4158 1055.6
0.4159 1055.5
0.416 1055.4
0.4161 1055.3
0.4162 1055.2
0.4163 1055.1
0.4164 1055
0.4165 1055
0.4166 1054.9
0.4167 1054.8
0.4168 1054.7
0.4169 1054.6
0.417 1054.5
0.4171 1054.4
0.4172 1054.3
0.4173 1054.2
0.4174 1054.2
0.4175 1054.1
0.4176 1054
0.4177 1053.9
0.4178 1053.8
0.4179 1053.7
0.418 1053.6
0.4181 1053.5
0.4182 1053.4
0.4183 1053.4
0.4184 1053.3
0.4185 1053.2
0.4186 1053.1
0.4187 1053
0.4188 1052.9
0.4189 1052.9
0.419 1052.8
0.4191 1052.7
0.4192 1052.6
0.4193 1052.5
0.4194 1052.4
0.4195 1052.4
0.4196 1052.3
0.4197 1052.2
0.4198 1052.1
0.4199 1052
0.42 1052
0.4201 1051.9
0.4202 1051.8
0.4203 1051.7
0.4204 1051.6
0.4205 1051.5
0.4206 1051.5
0.4207 1051.4
0.4208 1051.3
0.4209 1051.2
0.421 1051.1
0.4211 1051.1
0.4212 1051
0.4213 1050.9
0.4214 1050.8
0.4215 1050.8
0.4216 1050.7
0.4217 1050.6
0.4218 1050.5
0.4219 1050.4
0.422 1050.4
0.4221 1050.3
0.4222 1050.2
0.4223 1050.1
0.4224 1050.1
0.4225 1050
0.4226 1049.9
0.4227 1049.8
0.4228 1049.7
0.4229 1049.7
0.423 1049.6
0.4231 1049.5
0.4232 1049.4
0.4233 1049.4
0.4234 1049.3
0.4235 1049.2
0.4236 1049.1
0.4237 1049.1
0.4238 1049
0.4239 1048.9
0.424 1048.8
0.4241 1048.8
0.4242 1048.7
0.4243 1048.6
0.4244 1048.5
0.4245 1048.5
0.4246 1048.4
0.4247 1048.3
0.4248 1048.2
0.4249 1048.2
0.425 1048.1
0.4251 1048
0.4252 1047.9
0.4253 1047.9
0.4254 1047.8
0.4255 1047.7
0.4256 1047.6
0.4257 1047.6
0.4258 1047.5
0.4259 1047.4
0.426 1047.4
0.4261 1047.3
0.4262 1047.2
0.4263 1047.1
0.4264 1047.1
0.4265 1047
0.4266 1046.9
0.4267 1046.9
0.4268 1046.8
0.4269 1046.7
0.427 1046.7
0.4271 1046.6
0.4272 1046.5
0.4273 1046.5
0.4274 1046.4
0.4275 1046.3
0.4276 1046.3
0.4277 1046.2
0.4278 1046.1
0.4279 1046.1
0.428 1046
0.4281 1046
0.4282 1045.9
0.4283 1045.9
0.4284 1045.8
0.4285 1045.8
0.4286 1045.7
0.4287 1045.7
0.4288 1045.6
0.4289 1045.6
0.429 1045.5
0.4291 1045.5
0.4292 1045.4
0.4293 1045.4
0.4294 1045.3
0.4295 1045.3
0.4296 1045.2
0.4297 1045.2
0.4298 1045.1
0.4299 1045.1
0.43 1045
0.4301 1045
0.4302 1044.9
0.4303 1044.9
0.4304 1044.9
0.4305 1044.8
0.4306 1044.8
0.4307 1044.7
0.4308 1044.7
0.4309 1044.6
0.431 1044.6
0.4311 1044.6
0.4312 1044.5
0.4313 1044.5
0.4314 1044.4
0.4315 1044.4
0.4316 1044.3
0.4317 1044.3
0.4318 1044.3
0.4319 1044.2
0.432 1044.2
0.4321 1044.1
0.4322 1044.1
0.4323 1044.1
0.4324 1044
0.4325 1044
0.4326 1043.9
0.4327 1043.9
0.4328 1043.8
0.4329 1043.8
0.433 1043.7
0.4331 1043.7
0.4332 1043.7
0.4333 1043.6
0.4334 1043.6
0.4335 1043.5
0.4336 1043.5
0.4337 1043.4
0.4338 1043.4
0.4339 1043.3
0.434 1043.3
0.4341 1043.3
0.4342 1043.2
0.4343 1043.2
0.4344 1043.1
0.4345 1043.1
0.4346 1043
0.4347 1043
0.4348 1042.9
0.4349 1042.9
0.435 1042.9
0.4351 1042.8
0.4352 1042.8
0.4353 1042.7
0.4354 1042.7
0.4355 1042.6
0.4356 1042.6
0.4357 1042.6
0.4358 1042.5
0.4359 1042.5
0.436 1042.4
0.4361 1042.4
0.4362 1042.3
0.4363 1042.3
0.4364 1042.3
0.4365 1042.2
0.4366 1042.2
0.4367 1042.1
0.4368 1042.1
0.4369 1042
0.437 1042
0.4371 1042
0.4372 1041.9
0.4373 1041.9
0.4374 1041.8
0.4375 1041.8
0.4376 1041.8
0.4377 1041.7
0.4378 1041.7
0.4379 1041.6
0.438 1041.6
0.4381 1041.6
0.4382 1041.5
0.4383 1041.5
0.4384 1041.4
0.4385 1041.4
0.4386 1041.4
0.4387 1041.3
0.4388 1041.3
0.4389 1041.2
0.439 1041.2
0.4391 1041.2
0.4392 1041.1
0.4393 1041.1
0.4394 1041
0.4395 1041
0.4396 1041
0.4397 1040.9
0.4398 1040.9
0.4399 1040.8
0.44 1040.8
0.4401 1040.8
0.4402 1040.7
0.4403 1040.7
0.4404 1040.7
0.4405 1040.6
0.4406 1040.6
0.4407 1040.5
0.4408 1040.5
0.4409 1040.5
0.441 1040.4
0.4411 1040.4
0.4412 1040.4
0.4413 1040.3
0.4414 1040.3
0.4415 1040.3
0.4416 1040.2
0.4417 1040.2
0.4418 1040.2
0.4419 1040.1
0.442 1040.1
0.4421 1040.1
0.4422 1040.1
0.4423 1040
0.4424 1040
0.4425 1040
0.4426 1039.9
0.4427 1039.9
0.4428 1039.9
0.4429 1039.9
0.443 1039.8
0.4431 1039.8
0.4432 1039.8
0.4433 1039.7
0.4434 1039.7
0.4435 1039.7
0.4436 1039.7
0.4437 1039.6
0.4438 1039.6
0.4439 1039.6
0.444 1039.5
0.4441 1039.5
0.4442 1039.5
0.4443 1039.5
0.4444 1039.4
0.4445 1039.4
0.4446 1039.4
0.4447 1039.4
0.4448 1039.3
0.4449 1039.3
0.445 1039.3
0.4451 1039.3
0.4452 1039.3
0.4453 1039.2
0.4454 1039.2
0.4455 1039.2
0.4456 1039.2
0.4457 1039.2
0.4458 1039.1
0.4459 1039.1
0.446 1039.1
0.4461 1039.1
0.4462 1039.1
0.4463 1039
0.4464 1039
0.4465 1039
0.4466 1039
0.4467 1039
0.4468 1039
0.4469 1038.9
0.447 1038.9
0.4471 1038.9
0.4472 1038.9
0.4473 1038.9
0.4474 1038.9
0.4475 1038.9
0.4476 1038.8
0.4477 1038.8
0.4478 1038.8
0.4479 1038.8
0.448 1038.8
0.4481 1038.8
0.4482 1038.7
0.4483 1038.7
0.4484 1038.7
0.4485 1038.7
0.4486 1038.7
0.4487 1038.7
0.4488 1038.7
0.4489 1038.6
0.449 1038.6
0.4491 1038.6
0.4492 1038.6
0.4493 1038.6
0.4494 1038.6
0.4495 1038.6
0.4496 1038.6
0.4497 1038.6
0.4498 1038.5
0.4499 1038.5
0.45 1038.5
0.4501 1038.5
0.4502 1038.5
0.4503 1038.5
0.4504 1038.5
0.4505 1038.5
0.4506 1038.5
0.4507 1038.5
0.4508 1038.5
0.4509 1038.5
0.451 1038.5
0.4511 1038.5
0.4512 1038.5
0.4513 1038.5
0.4514 1038.5
0.4515 1038.5
0.4516 1038.5
0.4517 1038.5
0.4518 1038.5
0.4519 1038.5
0.452 1038.5
0.4521 1038.5
0.4522 1038.5
0.4523 1038.5
0.4524 1038.5
0.4525 1038.5
0.4526 1038.5
0.4527 1038.5
0.4528 1038.6
0.4529 1038.6
0.453 1038.6
0.4531 1038.6
0.4532 1038.6
0.4533 1038.6
0.4534 1038.6
0.4535 1038.6
0.4536 1038.6
0.4537 1038.6
0.4538 1038.6
0.4539 1038.6
0.454 1038.6
0.4541 1038.7
0.4542 1038.7
0.4543 1038.7
0.4544 1038.7
0.4545 1038.7
0.4546 1038.7
0.4547 1038.7
0.4548 1038.7
0.4549 1038.7
0.455 1038.7
0.4551 1038.8
0.4552 1038.8
0.4553 1038.8
0.4554 1038.8
0.4555 1038.8
0.4556 1038.8
0.4557 1038.8
0.4558 1038.8
0.4559 1038.9
0.456 1038.9
0.4561 1038.9
0.4562 1038.9
0.4563 1038.9
0.4564 1039
0.4565 1039
0.4566 1039
0.4567 1039
0.4568 1039.1
0.4569 1039.1
0.457 1039.1
0.4571 1039.1
0.4572 1039.2
0.4573 1039.2
0.4574 1039.2
0.4575 1039.3
0.4576 1039.3
0.4577 1039.3
0.4578 1039.4
0.4579 1039.4
0.458 1039.4
0.4581 1039.5
0.4582 1039.5
0.4583 1039.6
0.4584 1039.6
0.4585 1039.6
0.4586 1039.7
0.4587 1039.7
0.4588 1039.8
0.4589 1039.8
0.459 1039.8
0.4591 1039.9
0.4592 1039.9
0.4593 1040
0.4594 1040
0.4595 1040.1
0.4596 1040.1
0.4597 1040.1
0.4598 1040.2
0.4599 1040.2
0.46 1040.3
0.4601 1040.3
0.4602 1040.4
0.4603 1040.4
0.4604 1040.4
0.4605 1040.5
0.4606 1040.5
0.4607 1040.6
0.4608 1040.6
0.4609 1040.7
0.461 1040.7
0.4611 1040.8
0.4612 1040.8
0.4613 1040.9
0.4614 1041
0.4615 1041
0.4616 1041.1
0.4617 1041.1
0.4618 1041.2
0.4619 1041.2
0.462 1041.3
0.4621 1041.4
0.4622 1041.4
0.4623 1041.5
0.4624 1041.5
0.4625 1041.6
0.4626 1041.7
0.4627 1041.7
0.4628 1041.8
0.4629 1041.9
0.463 1041.9
0.4631 1042
0.4632 1042.1
0.4633 1042.1
0.4634 1042.2
0.4635 1042.3
0.4636 1042.3
0.4637 1042.4
0.4638 1042.5
0.4639 1042.5
0.464 1042.6
0.4641 1042.7
0.4642 1042.8
0.4643 1042.8
0.4644 1042.9
0.4645 1043
0.4646 1043
0.4647 1043.1
0.4648 1043.2
0.4649 1043.2
0.465 1043.3
0.4651 1043.4
0.4652 1043.5
0.4653 1043.5
0.4654 1043.6
0.4655 1043.7
0.4656 1043.8
0.4657 1043.8
0.4658 1043.9
0.4659 1044
0.466 1044.1
0.4661 1044.2
0.4662 1044.2
0.4663 1044.3
0.4664 1044.4
0.4665 1044.5
0.4666 1044.6
0.4667 1044.7
0.4668 1044.7
0.4669 1044.8
0.467 1044.9
0.4671 1045
0.4672 1045.1
0.4673 1045.2
0.4674 1045.3
0.4675 1045.3
0.4676 1045.4
0.4677 1045.5
0.4678 1045.6
0.4679 1045.7
0.468 1045.8
0.4681 1045.9
0.4682 1045.9
0.4683 1046
0.4684 1046.1
0.4685 1046.2
0.4686 1046.3
0.4687 1046.4
0.4688 1046.5
0.4689 1046.5
0.469 1046.6
0.4691 1046.7
0.4692 1046.8
0.4693 1046.9
0.4694 1046.9
0.4695 1047
0.4696 1047.1
0.4697 1047.2
0.4698 1047.3
0.4699 1047.4
0.47 1047.4
0.4701 1047.5
0.4702 1047.6
0.4703 1047.7
0.4704 1047.8
0.4705 1047.8
0.4706 1047.9
0.4707 1048
0.4708 1048.1
0.4709 1048.2
0.471 1048.3
0.4711 1048.3
0.4712 1048.4
0.4713 1048.5
0.4714 1048.6
0.4715 1048.7
0.4716 1048.7
0.4717 1048.8
0.4718 1048.9
0.4719 1049
0.472 1049.1
0.4721 1049.2
0.4722 1049.2
0.4723 1049.3
0.4724 1049.4
0.4725 1049.5
0.4726 1049.6
0.4727 1049.6
0.4728 1049.7
0.4729 1049.8
0.473 1049.9
0.4731 1050
0.4732 1050
0.4733 1050.1
0.4734 1050.2
0.4735 1050.3
0.4736 1050.4
0.4737 1050.5
0.4738 1050.5
0.4739 1050.6
0.474 1050.7
0.4741 1050.8
0.4742 1050.9
0.4743 1050.9
0.4744 1051
0.4745 1051.1
0.4746 1051.2
0.4747 1051.3
0.4748 1051.3
0.4749 1051.4
0.475 1051.5
0.4751 1051.6
0.4752 1051.7
0.4753 1051.8
0.4754 1051.8
0.4755 1051.9
0.4756 1052
0.4757 1052.1
0.4758 1052.2
0.4759 1052.2
0.476 1052.3
0.4761 1052.4
0.4762 1052.5
0.4763 1052.6
0.4764 1052.7
0.4765 1052.7
0.4766 1052.8
0.4767 1052.9
0.4768 1053
0.4769 1053.1
0.477 1053.1
0.4771 1053.2
0.4772 1053.3
0.4773 1053.4
0.4774 1053.4
0.4775 1053.5
0.4776 1053.6
0.4777 1053.7
0.4778 1053.8
0.4779 1053.8
0.478 1053.9
0.4781 1054
0.4782 1054.1
0.4783 1054.1
0.4784 1054.2
0.4785 1054.3
0.4786 1054.4
0.4787 1054.4
0.4788 1054.5
0.4789 1054.6
0.479 1054.7
0.4791 1054.7
0.4792 1054.8
0.4793 1054.9
0.4794 1055
0.4795 1055
0.4796 1055.1
0.4797 1055.2
0.4798 1055.3
0.4799 1055.3
0.48 1055.4
0.4801 1055.5
0.4802 1055.6
0.4803 1055.6
0.4804 1055.7
0.4805 1055.8
0.4806 1055.9
0.4807 1055.9
0.4808 1056
0.4809 1056.1
0.481 1056.1
0.4811 1056.2
0.4812 1056.3
0.4813 1056.4
0.4814 1056.4
0.4815 1056.5
0.4816 1056.6
0.4817 1056.6
0.4818 1056.7
0.4819 1056.8
0.482 1056.8
0.4821 1056.9
0.4822 1057
0.4823 1057
0.4824 1057.1
0.4825 1057.1
0.4826 1057.2
0.4827 1057.3
0.4828 1057.3
0.4829 1057.4
0.483 1057.4
0.4831 1057.5
0.4832 1057.6
0.4833 1057.6
0.4834 1057.7
0.4835 1057.7
0.4836 1057.8
0.4837 1057.8
0.4838 1057.9
0.4839 1057.9
0.484 1058
0.4841 1058
0.4842 1058.1
0.4843 1058.1
0.4844 1058.2
0.4845 1058.2
0.4846 1058.3
0.4847 1058.3
0.4848 1058.4
0.4849 1058.4
0.485 1058.5
0.4851 1058.5
0.4852 1058.6
0.4853 1058.6
0.4854 1058.7
0.4855 1058.7
0.4856 1058.8
0.4857 1058.8
0.4858 1058.9
0.4859 1058.9
0.486 1058.9
0.4861 1059
0.4862 1059
0.4863 1059.1
0.4864 1059.1
0.4865 1059.2
0.4866 1059.2
0.4867 1059.2
0.4868 1059.3
0.4869 1059.3
0.487 1059.4
0.4871 1059.4
0.4872 1059.4
0.4873 1059.5
0.4874 1059.5
0.4875 1059.6
0.4876 1059.6
0.4877 1059.6
0.4878 1059.7
0.4879 1059.7
0.488 1059.8
0.4881 1059.8
0.4882 1059.8
0.4883 1059.9
0.4884 1059.9
0.4885 1059.9
0.4886 1060
0.4887 1060
0.4888 1060
0.4889 1060.1
0.489 1060.1
0.4891 1060.1
0.4892 1060.2
0.4893 1060.2
0.4894 1060.2
0.4895 1060.3
0.4896 1060.3
0.4897 1060.3
0.4898 1060.4
0.4899 1060.4
0.49 1060.4
0.4901 1060.5
0.4902 1060.5
0.4903 1060.5
0.4904 1060.6
0.4905 1060.6
0.4906 1060.6
0.4907 1060.7
0.4908 1060.7
0.4909 1060.7
0.491 1060.8
0.4911 1060.8
0.4912 1060.8
0.4913 1060.8
0.4914 1060.9
0.4915 1060.9
0.4916 1060.9
0.4917 1061
0.4918 1061
0.4919 1061
0.492 1061.1
0.4921 1061.1
0.4922 1061.1
0.4923 1061.1
0.4924 1061.2
0.4925 1061.2
0.4926 1061.2
0.4927 1061.3
0.4928 1061.3
0.4929 1061.3
0.493 1061.3
0.4931 1061.4
0.4932 1061.4
0.4933 1061.4
0.4934 1061.4
0.4935 1061.5
0.4936 1061.5
0.4937 1061.5
0.4938 1061.5
0.4939 1061.6
0.494 1061.6
0.4941 1061.6
0.4942 1061.7
0.4943 1061.7
0.4944 1061.7
0.4945 1061.7
0.4946 1061.8
0.4947 1061.8
0.4948 1061.8
0.4949 1061.8
0.495 1061.9
0.4951 1061.9
0.4952 1061.9
0.4953 1061.9
0.4954 1062
0.4955 1062
0.4956 1062
0.4957 1062
0.4958 1062.1
0.4959 1062.1
0.496 1062.1
0.4961 1062.1
0.4962 1062.2
0.4963 1062.2
0.4964 1062.2
0.4965 1062.3
0.4966 1062.3
0.4967 1062.3
0.4968 1062.3
0.4969 1062.4
0.497 1062.4
0.4971 1062.4
0.4972 1062.5
0.4973 1062.5
0.4974 1062.5
0.4975 1062.5
0.4976 1062.6
0.4977 1062.6
0.4978 1062.6
0.4979 1062.7
0.498 1062.7
0.4981 1062.7
0.4982 1062.7
0.4983 1062.8
0.4984 1062.8
0.4985 1062.8
0.4986 1062.9
0.4987 1062.9
0.4988 1062.9
0.4989 1062.9
0.499 1063
0.4991 1063
0.4992 1063
0.4993 1063.1
0.4994 1063.1
0.4995 1063.1
0.4996 1063.2
0.4997 1063.2
0.4998 1063.2
0.4999 1063.2
0.5 1063.3
0.5001 1063.3
0.5002 1063.3
0.5003 1063.4
0.5004 1063.4
0.5005 1063.4
0.5006 1063.5
0.5007 1063.5
0.5008 1063.5
0.5009 1063.6
0.501 1063.6
0.5011 1063.6
0.5012 1063.7
0.5013 1063.7
0.5014 1063.8
0.5015 1063.8
0.5016 1063.8
0.5017 1063.9
0.5018 1063.9
0.5019 1063.9
0.502 1064
0.5021 1064
0.5022 1064
0.5023 1064.1
0.5024 1064.1
0.5025 1064.2
0.5026 1064.2
0.5027 1064.2
0.5028 1064.3
0.5029 1064.3
0.503 1064.3
0.5031 1064.4
0.5032 1064.4
0.5033 1064.5
0.5034 1064.5
0.5035 1064.5
0.5036 1064.6
0.5037 1064.6
0.5038 1064.7
0.5039 1064.7
0.504 1064.7
0.5041 1064.8
0.5042 1064.8
0.5043 1064.9
0.5044 1064.9
0.5045 1065
0.5046 1065
0.5047 1065.1
0.5048 1065.1
0.5049 1065.1
0.505 1065.2
0.5051 1065.2
0.5052 1065.3
0.5053 1065.3
0.5054 1065.4
0.5055 1065.4
0.5056 1065.5
0.5057 1065.5
0.5058 1065.6
0.5059 1065.6
0.506 1065.7
0.5061 1065.7
0.5062 1065.8
0.5063 1065.8
0.5064 1065.9
0.5065 1066
0.5066 1066
0.5067 1066.1
0.5068 1066.1
0.5069 1066.2
0.507 1066.3
0.5071 1066.3
0.5072 1066.4
0.5073 1066.4
0.5074 1066.5
0.5075 1066.6
0.5076 1066.6
0.5077 1066.7
0.5078 1066.8
0.5079 1066.8
0.508 1066.9
0.5081 1067
0.5082 1067
0.5083 1067.1
0.5084 1067.2
0.5085 1067.3
0.5086 1067.3
0.5087 1067.4
0.5088 1067.5
0.5089 1067.5
0.509 1067.6
0.5091 1067.7
0.5092 1067.8
0.5093 1067.8
0.5094 1067.9
0.5095 1068
0.5096 1068.1
0.5097 1068.1
0.5098 1068.2
0.5099 1068.3
0.51 1068.4
0.5101 1068.4
0.5102 1068.5
0.5103 1068.6
0.5104 1068.7
0.5105 1068.7
0.5106 1068.8
0.5107 1068.9
0.5108 1069
0.5109 1069
0.511 1069.1
0.5111 1069.2
0.5112 1069.3
0.5113 1069.3
0.5114 1069.4
0.5115 1069.5
0.5116 1069.6
0.5117 1069.7
0.5118 1069.8
0.5119 1069.8
0.512 1069.9
0.5121 1070
0.5122 1070.1
0.5123 1070.2
0.5124 1070.3
0.5125 1070.3
0.5126 1070.4
0.5127 1070.5
0.5128 1070.6
0.5129 1070.7
0.513 1070.8
0.5131 1070.9
0.5132 1070.9
0.5133 1071
0.5134 1071.1
0.5135 1071.2
0.5136 1071.3
0.5137 1071.4
0.5138 1071.5
0.5139 1071.6
0.514 1071.7
0.5141 1071.7
0.5142 1071.8
0.5143 1071.9
0.5144 1072
0.5145 1072.1
0.5146 1072.2
0.5147 1072.3
0.5148 1072.4
0.5149 1072.5
0.515 1072.6
0.5151 1072.6
0.5152 1072.7
0.5153 1072.8
0.5154 1072.9
0.5155 1073
0.5156 1073.1
0.5157 1073.2
0.5158 1073.3
0.5159 1073.4
0.516 1073.5
0.5161 1073.6
0.5162 1073.7
0.5163 1073.8
0.5164 1073.9
0.5165 1074
0.5166 1074.1
0.5167 1074.2
0.5168 1074.2
0.5169 1074.3
0.517 1074.4
0.5171 1074.5
0.5172 1074.6
0.5173 1074.7
0.5174 1074.8
0.5175 1074.9
0.5176 1075
0.5177 1075.1
0.5178 1075.2
0.5179 1075.3
0.518 1075.4
0.5181 1075.5
0.5182 1075.6
0.5183 1075.7
0.5184 1075.8
0.5185 1075.9
0.5186 1076.1
0.5187 1076.2
0.5188 1076.3
0.5189 1076.4
0.519 1076.5
0.5191 1076.6
0.5192 1076.7
0.5193 1076.8
0.5194 1076.9
0.5195 1077
0.5196 1077.1
0.5197 1077.2
0.5198 1077.3
0.5199 1077.4
0.52 1077.5
0.5201 1077.7
0.5202 1077.8
0.5203 1077.9
0.5204 1078
0.5205 1078.1
0.5206 1078.2
0.5207 1078.4
0.5208 1078.5
0.5209 1078.6
0.521 1078.7
0.5211 1078.8
0.5212 1078.9
0.5213 1079.1
0.5214 1079.2
0.5215 1079.3
0.5216 1079.4
0.5217 1079.6
0.5218 1079.7
0.5219 1079.8
0.522 1079.9
0.5221 1080
0.5222 1080.2
0.5223 1080.3
0.5224 1080.4
0.5225 1080.5
0.5226 1080.7
0.5227 1080.8
0.5228 1080.9
0.5229 1081
0.523 1081.1
0.5231 1081.3
0.5232 1081.4
0.5233 1081.5
0.5234 1081.6
0.5235 1081.7
0.5236 1081.9
0.5237 1082
0.5238 1082.1
0.5239 1082.2
0.524 1082.3
0.5241 1082.4
0.5242 1082.5
0.5243 1082.7
0.5244 1082.8
0.5245 1082.9
0.5246 1083
0.5247 1083.1
0.5248 1083.2
0.5249 1083.3
0.525 1083.4
0.5251 1083.6
0.5252 1083.7
0.5253 1083.8
0.5254 1083.9
0.5255 1084
0.5256 1084.1
0.5257 1084.2
0.5258 1084.3
0.5259 1084.4
0.526 1084.5
0.5261 1084.7
0.5262 1084.8
0.5263 1084.9
0.5264 1085
0.5265 1085.1
0.5266 1085.2
0.5267 1085.3
0.5268 1085.4
0.5269 1085.5
0.527 1085.6
0.5271 1085.7
0.5272 1085.9
0.5273 1086
0.5274 1086.1
0.5275 1086.2
0.5276 1086.3
0.5277 1086.4
0.5278 1086.5
0.5279 1086.6
0.528 1086.8
0.5281 1086.9
0.5282 1087
0.5283 1087.1
0.5284 1087.2
0.5285 1087.3
0.5286 1087.4
0.5287 1087.6
0.5288 1087.7
0.5289 1087.8
0.529 1087.9
0.5291 1088
0.5292 1088.2
0.5293 1088.3
0.5294 1088.4
0.5295 1088.5
0.5296 1088.7
0.5297 1088.8
0.5298 1088.9
0.5299 1089.1
0.53 1089.2
0.5301 1089.3
0.5302 1089.4
0.5303 1089.6
0.5304 1089.7
0.5305 1089.8
0.5306 1090
0.5307 1090.1
0.5308 1090.2
0.5309 1090.3
0.531 1090.5
0.5311 1090.6
0.5312 1090.7
0.5313 1090.9
0.5314 1091
0.5315 1091.1
0.5316 1091.2
0.5317 1091.4
0.5318 1091.5
0.5319 1091.6
0.532 1091.7
0.5321 1091.9
0.5322 1092
0.5323 1092.1
0.5324 1092.2
0.5325 1092.4
0.5326 1092.5
0.5327 1092.6
0.5328 1092.7
0.5329 1092.8
0.533 1092.9
0.5331 1093
0.5332 1093.1
0.5333 1093.3
0.5334 1093.4
0.5335 1093.5
0.5336 1093.6
0.5337 1093.7
0.5338 1093.8
0.5339 1093.9
0.534 1094
0.5341 1094.1
0.5342 1094.2
0.5343 1094.3
0.5344 1094.4
0.5345 1094.5
0.5346 1094.6
0.5347 1094.7
0.5348 1094.8
0.5349 1094.9
0.535 1095
0.5351 1095.1
0.5352 1095.2
0.5353 1095.3
0.5354 1095.4
0.5355 1095.5
0.5356 1095.6
0.5357 1095.7
0.5358 1095.8
0.5359 1095.9
0.536 1096
0.5361 1096.1
0.5362 1096.2
0.5363 1096.3
0.5364 1096.4
0.5365 1096.5
